#! FIELDS refcv.morethan file.free der_refcv.morethan
#! SET min_refcv.morethan -10.1414
#! SET max_refcv.morethan 221.155
#! SET nbins_refcv.morethan  220
#! SET periodic_refcv.morethan false
  -10.141400000   -0.748783514   -0.947299062
   -9.085252055   -2.743782675   -3.165093422
   -8.029104110   -8.818924178   -9.186966331
   -6.972956164  -25.003273173  -23.227429976
   -5.916808219  -62.867530580  -51.338408987
   -4.860660274 -140.519766291  -99.144011667
   -3.804512329 -279.409526342 -166.485097266
   -2.748364384 -495.234701632 -241.772073960
   -1.692216438 -784.546880361 -300.945895959
   -0.636068493 -1115.441737555 -316.440434825
    0.420079452 -1432.159685329 -273.620678813
    1.476227397 -1676.675268023 -183.863469606
    2.532375342 -1816.125719532  -81.472580248
    3.588523288 -1857.938231835   -4.275643660
    4.644671233 -1841.170031700   28.599757230
    5.700819178 -1810.728375844   24.747634100
    6.756967123 -1793.641962233    7.469974547
    7.813115068 -1792.413217888   -3.017120412
    8.869263014 -1795.518325621   -1.010267408
    9.925410959 -1792.457420756    7.131326374
   10.981558904 -1781.394754876   13.017035781
   12.037706849 -1766.975664491   13.541342775
   13.093854795 -1753.620958434   10.953901958
   14.150002740 -1742.575143218    9.953404295
   15.206150685 -1731.141022881   12.029754557
   16.262298630 -1716.520380247   15.485113008
   17.318446575 -1698.830795471   17.486464585
   18.374594521 -1680.762013660   16.073881584
   19.430742466 -1665.534931895   12.405080946
   20.486890411 -1653.812316527    9.967699322
   21.543038356 -1642.676287255   11.656944919
   22.599186301 -1627.711928801   16.894560984
   23.655334247 -1606.708750636   22.421398799
   24.711482192 -1581.118840905   25.380215871
   25.767630137 -1554.012887521   25.375891392
   26.823778082 -1527.702969030   24.246531802
   27.879926027 -1502.308460737   23.859204516
   28.936073973 -1476.735196737   24.369537236
   29.992221918 -1450.611679640   24.778110757
   31.048369863 -1424.601274313   24.105098893
   32.104517808 -1399.957890233   22.399639938
   33.160665753 -1377.141879319   20.652382728
   34.216813699 -1355.575798953   20.170230618
   35.272961644 -1333.828630025   20.995475804
   36.329109589 -1310.955447164   22.085203197
   37.385257534 -1287.533193399   21.656906918
   38.441405479 -1265.874061998   18.852217741
   39.497553425 -1248.128195203   14.477787907
   40.553701370 -1234.734397426   11.087205052
   41.609849315 -1223.394430578   10.712544451
   42.665997260 -1210.883058761   13.082051555
   43.722145205 -1195.631420552   15.472386524
   44.778293151 -1179.016166583   15.222698487
   45.834441096 -1164.042356162   12.634821225
   46.890589041 -1152.067449672   10.250073722
   47.946736986 -1141.425484973   10.266900413
   49.002884932 -1129.475906244   12.353430089
   50.059032877 -1115.366682140   13.981047353
   51.115180822 -1100.726035872   13.168546632
   52.171328767 -1088.038160348   10.649541946
   53.227476712 -1077.936569240    8.696703074
   54.283624658 -1068.832139701    8.605892004
   55.339772603 -1059.159482781    9.614936067
   56.395920548 -1048.731093774    9.769299215
   57.452068493 -1038.840517773    8.646771597
   58.508216438 -1030.241936342    7.792222353
   59.564364384 -1021.726277636    8.406388230
   60.620512329 -1011.639595765   10.586869277
   61.676660274 -999.308054005   12.350599823
   62.732808219 -986.216207307   11.893651243
   63.788956164 -974.868898760    9.315880096
   64.845104110 -966.492618977    6.512444713
   65.901252055 -960.158540854    5.762670587
   66.957400000 -953.324191189    7.347713179
   68.013547945 -944.272973891    9.603025015
   69.069695890 -933.356287429   10.552175095
   70.125843836 -922.591113621    9.482932954
   71.181991781 -913.647639907    7.224667425
   72.238139726 -906.913261075    5.672135499
   73.294287671 -901.135624835    5.346624637
   74.350435616 -895.424564522    5.144546164
   75.406583562 -890.699849920    3.395716449
   76.462731507 -888.975255048   -0.434728736
   77.518879452 -891.625030113   -4.604107939
   78.575027397 -897.520812599   -6.076142900
   79.631175342 -902.802468159   -3.344976709
   80.687323288 -903.278688737    2.700628548
   81.743471233 -896.880592357    9.070421499
   82.799619178 -884.914861067   12.892525510
   83.855767123 -870.884596374   12.952416934
   84.911915068 -858.505069870   10.040170721
   85.968063014 -849.881848023    6.171715087
   87.024210959 -844.966486926    3.263253095
   88.080358904 -842.180570272    2.265752938
   89.136506849 -839.628788832    2.653457900
   90.192654795 -836.427047623    3.147441051
   91.248802740 -833.353616254    2.321707418
   92.304950685 -832.217956977   -0.722654125
   93.361098630 -835.164914944   -5.079532088
   94.417246575 -842.485923020   -8.489316705
   95.473394521 -851.729337232   -8.341228649
   96.529542466 -858.514868012   -4.003316129
   97.585690411 -859.266578522    2.478591052
   98.641838356 -853.702755293    7.533699842
   99.697986301 -844.708955520    8.686251558
  100.754134247 -836.406675626    6.521128796
  101.810282192 -831.268776684    3.007245681
  102.866430137 -829.820683675   -0.190437040
  103.922578082 -831.428695209   -2.912469667
  104.978726027 -835.528148107   -4.878946985
  106.034873973 -841.176057922   -5.535339880
  107.091021918 -846.545479563   -4.477036131
  108.147169863 -849.828165595   -1.647007672
  109.203317808 -849.719119929    1.610804728
  110.259465753 -846.559150110    4.023600959
  111.315613699 -841.786089913    4.608714179
  112.371761644 -837.579231357    2.995494541
  113.427909589 -836.181749315   -0.793745338
  114.484057534 -839.546378685   -5.838940546
  115.540205479 -848.194826535  -10.372184082
  116.596353425 -860.406389181  -12.307094251
  117.652501370 -872.833423342  -10.763091347
  118.708649315 -882.217766953   -6.885827591
  119.764797260 -887.357437645   -3.116146340
  120.820945205 -889.408877226   -1.317969696
  121.877093151 -890.560935918   -1.014259931
  122.933241096 -891.478857309   -0.653117052
  123.989389041 -891.430814409    0.826046426
  125.045536986 -889.493992822    2.560607225
  126.101684932 -886.384339398    2.879820770
  127.157832877 -884.317133497    0.662182565
  128.213980822 -885.550150550   -3.245677386
  129.270128767 -890.898920443   -6.732606334
  130.326276712 -899.154623312   -8.726289682
  131.382424658 -908.686897688   -9.256858663
  132.438572603 -918.329107170   -9.008351919
  133.494720548 -927.542763085   -8.448499821
  134.550868493 -935.921882134   -7.436848666
  135.607016438 -942.941610599   -5.789490186
  136.663164384 -947.924355878   -3.842728736
  137.719312329 -951.092245587   -2.649380433
  138.775460274 -954.008140546   -3.280612370
  139.831608219 -958.884216951   -6.304834489
  140.887756164 -967.677555107  -10.365238275
  141.943904110 -980.205261692  -13.104840959
  143.000052055 -994.144360910  -12.861102833
  144.056200000 -1006.407269753  -10.209699305
  145.112347945 -1015.687252944   -7.647333987
  146.168495890 -1023.291973030   -7.388385022
  147.224643836 -1031.894575275   -9.112818842
  148.280791781 -1042.428153244  -10.589848713
  149.336939726 -1053.222707498   -9.478037140
  150.393087671 -1061.278377068   -5.557766773
  151.449235616 -1064.799767170   -1.495477089
  152.505383562 -1065.297198033   -0.258001329
  153.561531507 -1066.543762708   -2.639396852
  154.617679452 -1071.631428701   -7.173534668
  155.673827397 -1081.351537644  -11.118955996
  156.729975342 -1094.122571313  -12.663449574
  157.786123288 -1107.185680439  -11.926397260
  158.842271233 -1118.813132726  -10.082982749
  159.898419178 -1128.638126398   -8.867921928
  160.954567123 -1138.036940167   -9.169470580
  162.010715068 -1148.491534537  -11.028405631
  163.066863014 -1161.308451479  -13.324001241
  164.123010959 -1176.376621136  -15.109473853
  165.179158904 -1192.823199564  -16.006732195
  166.235306849 -1209.948395893  -16.312453767
  167.291454795 -1227.138299547  -16.478029080
  168.347602740 -1244.370126402  -16.143625946
  169.403750685 -1260.955988185  -15.256486800
  170.459898630 -1276.244002624  -13.750198473
  171.516046575 -1289.814579773  -12.079290490
  172.572194521 -1301.931770334  -11.118892385
  173.628342466 -1313.692767224  -11.545149753
  174.684490411 -1326.459677163  -12.939160419
  175.740638356 -1340.939511118  -14.472637572
  176.796786301 -1356.672021973  -15.344023235
  177.852934247 -1372.837423102  -15.284929136
  178.909082192 -1388.881100563  -15.288106349
  179.965230137 -1405.414405156  -16.326594758
  181.021378082 -1423.443134176  -17.950787852
  182.077526027 -1442.824468141  -18.583698269
  183.133673973 -1461.901795600  -17.284507576
  184.189821918 -1478.756914746  -14.617250916
  185.245969863 -1493.086646448  -13.057814561
  186.302117808 -1507.124260182  -14.100855183
  187.358265753 -1523.607716260  -17.464119964
  188.414413699 -1543.897411847  -20.917149029
  189.470561644 -1566.956266558  -22.343763640
  190.526709589 -1590.292716276  -21.843206413
  191.582857534 -1612.499128739  -20.265777383
  192.639005479 -1633.062248619  -18.867274453
  193.695153425 -1652.240074223  -17.611822746
  194.751301370 -1670.092309012  -16.544747344
  195.807449315 -1687.353782718  -16.559438345
  196.863597260 -1706.132085348  -19.664573119
  197.919745205 -1729.997659893  -26.034484369
  198.975893151 -1760.974444415  -32.348628464
  200.032041096 -1796.391068846  -33.742998399
  201.088189041 -1829.456964499  -28.190940026
  202.144336986 -1854.941692355  -20.902564817
  203.200484932 -1876.321585332  -21.832250569
  204.256632877 -1905.777740579  -36.187191057
  205.312780822 -1953.650981833  -53.385221478
  206.368928767 -2010.588724996  -48.513628878
  207.425076712 -2039.420274189    2.502060986
  208.481224658 -1987.556987297  102.095674662
  209.537372603 -1816.116352856  222.129191971
  210.593520548 -1526.836536272  317.755991605
  211.649668493 -1165.949744700  354.062282147
  212.705816438 -802.033902682  325.106009607
  213.761964384 -494.378431330  252.575167758
  214.818112329 -272.162311915  168.442872304
  215.874260274 -133.483685309   97.231641740
  216.930408219  -58.265477223   48.896247215
  217.986556164  -22.609974811   21.500909388
  219.042704110   -7.771256133    8.257902787
  220.098852055   -2.240957618    2.613688675
  221.155000000   -0.385570351    0.483110961
