#! FIELDS refcv.morethan file.free der_refcv.morethan
#! SET min_refcv.morethan -10.1414
#! SET max_refcv.morethan 221.155
#! SET nbins_refcv.morethan  220
#! SET periodic_refcv.morethan false
  -10.141400000   -1.225304322   -1.531858839
   -9.085252055   -4.382244318   -4.984195274
   -8.029104110  -13.797549192  -14.134570705
   -6.972956164  -38.379649536  -34.963629498
   -5.916808219  -94.679618323  -75.569153369
   -4.860660274 -207.447469967 -142.400312636
   -3.804512329 -404.085366534 -232.783112937
   -2.748364384 -701.170679275 -328.026855760
   -1.692216438 -1086.888746663 -394.351816816
   -0.636068493 -1511.726877860 -397.530407303
    0.420079452 -1899.631138590 -325.211523141
    1.476227397 -2180.043725880 -200.621766709
    2.532375342 -2322.359427524  -72.640486805
    3.588523288 -2348.811833852   13.091483757
    4.644671233 -2315.694132811   40.645026748
    5.700819178 -2277.538039887   27.528775974
    6.756967123 -2260.708248961    5.296177735
    7.813115068 -2261.687421971   -4.235261546
    8.869263014 -2264.348056870    1.069309842
    9.925410959 -2257.928343294   11.001344483
   10.981558904 -2242.950170643   16.259067902
   12.037706849 -2225.936684191   15.227777229
   13.093854795 -2211.285873304   11.502621267
   14.150002740 -2199.767443429   10.355545954
   15.206150685 -2187.953008135   12.338815429
   16.262298630 -2173.061736537   15.755295066
   17.318446575 -2154.779230513   18.545496905
   18.374594521 -2134.505011333   19.290050983
   19.430742466 -2114.253887626   18.638210391
   20.486890411 -2094.639870796   18.318853956
   21.543038356 -2074.604271876   19.631908590
   22.599186301 -2052.634520445   21.777518165
   23.655334247 -2028.763700055   22.860875791
   24.711482192 -2004.767900704   22.168918530
   25.767630137 -1981.970201310   20.779651090
   26.823778082 -1960.177097541   20.539611484
   27.879926027 -1937.682156121   22.113464439
   28.936073973 -1912.955400468   24.360633320
   29.992221918 -1886.232689013   25.743972852
   31.048369863 -1858.945885261   25.386517856
   32.104517808 -1832.978003156   23.456650620
   33.160665753 -1809.529115910   20.587578561
   34.216813699 -1789.154330924   17.761233337
   35.272961644 -1771.558404316   15.458364023
   36.329109589 -1755.998400245   13.958390536
   37.385257534 -1741.661353806   12.951695399
   38.441405479 -1728.330071772   12.089261133
   39.497553425 -1715.904188525   11.216917931
   40.553701370 -1704.217392866   10.790591870
   41.609849315 -1692.590662115   11.043918516
   42.665997260 -1680.510195055   11.602569895
   43.722145205 -1668.142865524   11.529309949
   44.778293151 -1656.286011382   10.514420154
   45.834441096 -1645.499487783    9.740031702
   46.890589041 -1634.953172173   10.423088301
   47.946736986 -1622.888072259   12.417015286
   49.002884932 -1608.612242771   14.158103194
   50.059032877 -1593.468362839   14.023809750
   51.115180822 -1579.557157464   11.950519481
   52.171328767 -1567.993645307    9.993395557
   53.227476712 -1557.496764347   10.178079282
   54.283624658 -1545.541923576   12.357678170
   55.339772603 -1531.237607601   14.293507221
   56.395920548 -1516.203088148   13.490452921
   57.452068493 -1503.495232697   10.066361248
   58.508216438 -1494.618157603    6.965903605
   59.564364384 -1487.562262351    6.715092340
   60.620512329 -1478.801792677   10.027388614
   61.676660274 -1465.770196165   14.360837658
   62.732808219 -1449.084771469   16.531257560
   63.788956164 -1431.915857629   15.331719795
   64.845104110 -1417.234241381   12.100447027
   65.901252055 -1405.923191496    9.333761774
   66.957400000 -1396.739259615    8.110181561
   68.013547945 -1388.353255654    7.609518010
   69.069695890 -1380.692597602    6.451208307
   70.125843836 -1374.951470075    4.175259378
   71.181991781 -1371.842650537    1.578575769
   72.238139726 -1370.886884669    0.470969807
   73.294287671 -1369.878002150    1.634419119
   74.350435616 -1366.676005935    4.289996717
   75.406583562 -1360.717801156    6.709673001
   76.462731507 -1353.060139253    7.365682567
   77.518879452 -1345.643356624    6.207925504
   78.575027397 -1339.865800810    4.525348249
   79.631175342 -1335.683011552    3.377272775
   80.687323288 -1332.231785043    3.204844373
   81.743471233 -1328.536554910    3.692250141
   82.799619178 -1324.159873068    4.467540674
   83.855767123 -1318.953863426    5.170783857
   84.911915068 -1313.167990533    5.581832452
   85.968063014 -1307.116569669    5.594094512
   87.024210959 -1301.215906190    5.380253275
   88.080358904 -1295.591489235    5.164679122
   89.136506849 -1290.225603928    4.851609891
   90.192654795 -1285.272163264    4.285626316
   91.248802740 -1281.144016817    3.389797798
   92.304950685 -1278.094622566    2.113963938
   93.361098630 -1276.432535928    0.886654940
   94.417246575 -1275.891332294    0.069546827
   95.473394521 -1275.774190726    0.252862958
   96.529542466 -1274.873232842    1.381885478
   97.585690411 -1272.430158874    3.044115609
   98.641838356 -1268.556933029    4.040623114
   99.697986301 -1264.434983748    3.257140086
  100.754134247 -1262.015127935    0.931665715
  101.810282192 -1262.504959856   -2.039079661
  102.866430137 -1265.978037244   -4.441634317
  103.922578082 -1271.381137039   -5.731332624
  104.978726027 -1277.321496034   -5.548688551
  106.034873973 -1282.488339504   -4.130072704
  107.091021918 -1285.758655017   -2.213522892
  108.147169863 -1286.904435115   -0.130683226
  109.203317808 -1286.022356893    1.519276621
  110.259465753 -1283.657560882    2.784361415
  111.315613699 -1280.165365068    3.541498066
  112.371761644 -1276.210024888    3.736556015
  113.427909589 -1272.549861116    2.857910939
  114.484057534 -1270.356818730    0.956747106
  115.540205479 -1270.352181204   -1.008208546
  116.596353425 -1271.838515613   -1.688960062
  117.652501370 -1273.079026414   -0.490541101
  118.708649315 -1272.420676426    1.610453131
  119.764797260 -1269.871058763    2.818022099
  120.820945205 -1267.085384210    1.872753145
  121.877093151 -1266.261014966   -0.500961030
  122.933241096 -1267.960224845   -2.652643951
  123.989389041 -1271.172217275   -3.289879495
  125.045536986 -1274.209549489   -2.531477225
  126.101684932 -1276.180407674   -1.388646717
  127.157832877 -1277.302757912   -0.904699334
  128.213980822 -1278.295305418   -1.250332165
  129.270128767 -1279.816069550   -1.704014679
  130.326276712 -1281.834538392   -2.352736758
  131.382424658 -1284.714654198   -3.329983756
  132.438572603 -1288.923164756   -4.791397908
  133.494720548 -1294.728431083   -6.261099586
  134.550868493 -1301.594840461   -6.609350017
  135.607016438 -1307.929803272   -5.120642571
  136.663164384 -1311.666851277   -1.966545398
  137.719312329 -1311.776549584    1.319613973
  138.775460274 -1309.331824372    2.747049311
  139.831608219 -1307.137342901    0.768527578
  140.887756164 -1308.602506901   -3.891413944
  141.943904110 -1315.220521191   -8.565320777
  143.000052055 -1325.495576478  -10.412066320
  144.056200000 -1335.754470643   -8.612381071
  145.112347945 -1342.956485717   -5.056212977
  146.168495890 -1346.729994834   -2.724579920
  147.224643836 -1349.497629235   -3.018210891
  148.280791781 -1353.728424605   -5.255264491
  149.336939726 -1360.360726514   -7.290189980
  150.393087671 -1368.363970649   -7.710394682
  151.449235616 -1376.175456270   -7.174345586
  152.505383562 -1383.469680941   -7.046325868
  153.561531507 -1391.160875872   -7.643699231
  154.617679452 -1399.705608284   -8.596809655
  155.673827397 -1409.039205042   -9.234507767
  156.729975342 -1418.997909288   -9.750401933
  157.786123288 -1429.756250561  -10.959063247
  158.842271233 -1442.238010601  -12.822506419
  159.898419178 -1456.695974075  -14.629149904
  160.954567123 -1472.636959251  -15.273006073
  162.010715068 -1488.345246067  -14.448689189
  163.066863014 -1502.477120096  -12.285777610
  164.123010959 -1513.996206091   -9.611433400
  165.179158904 -1522.819931377   -7.385262428
  166.235306849 -1530.001310121   -6.505216821
  167.291454795 -1536.985318652   -7.235416258
  168.347602740 -1545.308823143   -8.727691583
  169.403750685 -1555.209824845  -10.025346027
  170.459898630 -1565.956729258  -10.255778445
  171.516046575 -1576.348544081   -9.448225881
  172.572194521 -1585.714144719   -8.442990994
  173.628342466 -1594.388943439   -8.407759788
  174.684490411 -1603.618511998   -9.528913251
  175.740638356 -1614.600080085  -11.444031227
  176.796786301 -1627.619375323  -13.306290765
  177.852934247 -1642.204968079  -14.338630678
  178.909082192 -1657.510407384  -14.728076083
  179.965230137 -1673.243885915  -15.272991121
  181.021378082 -1689.736600429  -16.155234637
  182.077526027 -1707.063143850  -16.671870192
  183.133673973 -1724.469995455  -16.210496136
  184.189821918 -1740.784263798  -14.635009364
  185.245969863 -1755.381296288  -13.350583182
  186.302117808 -1769.220227302  -13.239563337
  187.358265753 -1783.692193336  -14.517483586
  188.414413699 -1799.861528290  -16.280544607
  189.470561644 -1817.848296963  -17.750631517
  190.526709589 -1837.373861619  -19.622582338
  191.582857534 -1859.305497379  -22.208494350
  192.639005479 -1884.332740858  -25.298383211
  193.695153425 -1912.051167350  -26.975193318
  194.751301370 -1939.999930709  -25.760927981
  195.807449315 -1965.458443732  -22.455052869
  196.863597260 -1987.944915655  -20.799622295
  197.919745205 -2010.959771028  -23.674659567
  198.975893151 -2038.838446822  -29.413713815
  200.032041096 -2071.929713233  -32.528875301
  201.088189041 -2104.664098581  -28.561000079
  202.144336986 -2130.482254535  -20.806868181
  203.200484932 -2150.771183741  -19.883498346
  204.256632877 -2177.700820820  -33.901019413
  205.312780822 -2224.617524605  -54.535706984
  206.368928767 -2285.738535805  -55.291955722
  207.425076712 -2323.540553952   -6.681776903
  208.481224658 -2278.901779820   99.284452421
  209.537372603 -2102.692172275  235.195052671
  210.593520548 -1789.069418824  350.726367235
  211.649668493 -1384.468498053  402.465004388
  212.705816438 -965.745121081  378.511487041
  213.761964384 -603.870480763  300.308936346
  214.818112329 -337.256287896  204.126809524
  215.874260274 -167.815623070  119.956356699
  216.930408219  -74.314459400   61.360500909
  217.986556164  -29.253822555   27.426686825
  219.042704110  -10.205911964   10.711003802
  220.098852055   -3.028441185    3.497973103
  221.155000000   -0.603158495    0.751958538
