#! FIELDS refcv.morethan file.free der_refcv.morethan
#! SET min_refcv.morethan -10.1414
#! SET max_refcv.morethan 221.155
#! SET nbins_refcv.morethan  220
#! SET periodic_refcv.morethan false
  -10.141400000   -1.225304322   -1.531858839
   -9.085252055   -4.382244318   -4.984195274
   -8.029104110  -13.797549192  -14.134570705
   -6.972956164  -38.381671730  -34.966381370
   -5.916808219  -94.704051075  -75.601170592
   -4.860660274 -207.554715805 -142.530714943
   -3.804512329 -404.459603860 -233.198172932
   -2.748364384 -702.312359393 -329.167508740
   -1.692216438 -1089.983676537 -397.103330351
   -0.636068493 -1519.209488941 -403.369787279
    0.420079452 -1915.753186578 -336.054258922
    1.476227397 -2211.054970351 -218.178827553
    2.532375342 -2375.725077856  -97.297814296
    3.588523288 -2431.219971049  -16.696498640
    4.644671233 -2430.443385445   10.060737774
    5.700819178 -2422.693994320    1.353078412
    6.756967123 -2429.443141768  -12.800759928
    7.813115068 -2444.928318548  -13.817047101
    8.869263014 -2454.249047615   -2.533633013
    9.925410959 -2450.053570071    9.855945984
   10.981558904 -2436.127723818   15.178762352
   12.037706849 -2420.525257323   13.692543910
   13.093854795 -2407.481663867   10.132572377
   14.150002740 -2397.047801249    9.728839137
   15.206150685 -2385.492048751   12.430573329
   16.262298630 -2370.311066926   16.139921607
   17.318446575 -2351.650010442   18.820142818
   18.374594521 -2331.233865809   19.202803108
   19.430742466 -2311.315380453   18.028809413
   20.486890411 -2292.677707586   17.045563941
   21.543038356 -2274.329181620   17.740902631
   22.599186301 -2254.514719634   19.690295785
   23.655334247 -2232.656379218   21.218205501
   24.711482192 -2209.932801667   21.421075592
   25.767630137 -2187.496340654   20.708447566
   26.823778082 -2165.781376470   20.246457600
   27.879926027 -2144.250633364   20.381100169
   28.936073973 -2122.511025437   20.327993998
   29.992221918 -2101.287301427   19.442286924
   31.048369863 -2081.434482962   17.825892566
   32.104517808 -2063.387902147   16.299666178
   33.160665753 -2046.512721948   15.538805124
   34.216813699 -2029.794034756   15.986073875
   35.272961644 -2012.159584126   17.248605819
   36.329109589 -1993.062479659   18.648466023
   37.385257534 -1972.830822301   19.132336539
   38.441405479 -1952.930176926   18.043825129
   39.497553425 -1934.944630807   15.620844117
   40.553701370 -1919.620047386   13.279965460
   41.609849315 -1906.031579016   12.482379317
   42.665997260 -1892.302364988   13.544164771
   43.722145205 -1877.015197326   15.195746930
   44.778293151 -1860.331488771   15.823704610
   45.834441096 -1843.694117471   15.141095094
   46.890589041 -1828.292605413   13.899822062
   47.946736986 -1814.077279794   12.968045428
   49.002884932 -1800.507670892   12.484628460
   50.059032877 -1787.486314081   11.979121923
   51.115180822 -1775.189607188   11.093460784
   52.171328767 -1763.710104547   10.601721570
   53.227476712 -1752.124784673   11.426798465
   54.283624658 -1738.962513459   13.252423761
   55.339772603 -1724.085860665   14.459526057
   56.395920548 -1709.153927264   13.150064788
   57.452068493 -1696.914033096    9.507202322
   58.508216438 -1688.764434986    6.088754473
   59.564364384 -1682.965555635    5.139544459
   60.620512329 -1676.357341932    7.518030963
   61.676660274 -1666.378808623   11.122777744
   62.732808219 -1653.224989666   13.152747620
   63.788956164 -1639.400934010   12.453599886
   64.845104110 -1627.258151538   10.223387352
   65.901252055 -1617.238244220    8.801703048
   66.957400000 -1607.824378654    9.073320484
   68.013547945 -1597.648286843    9.980755554
   69.069695890 -1586.891338641    9.826048912
   70.125843836 -1577.329499866    7.889367145
   71.181991781 -1570.477350585    4.794661079
   72.238139726 -1566.706028222    2.481354156
   73.294287671 -1564.354363173    2.163915975
   74.350435616 -1561.180311069    3.809175312
   75.406583562 -1555.813137984    6.213830150
   76.462731507 -1548.277373825    7.713297593
   77.518879452 -1540.000891066    7.399912050
   78.575027397 -1532.824345830    5.810783526
   79.631175342 -1527.536669170    4.094802591
   80.687323288 -1523.615032869    3.448241663
   81.743471233 -1519.625729647    4.093842978
   82.799619178 -1514.581550656    5.268037768
   83.855767123 -1508.596367375    5.616594789
   84.911915068 -1503.111663322    4.327541314
   85.968063014 -1499.668045020    1.837869886
   87.024210959 -1498.914726827   -0.425352870
   88.080358904 -1499.876852102   -1.271530218
   89.136506849 -1500.914593283   -0.673756229
   90.192654795 -1500.911717285    0.481426426
   91.248802740 -1499.912560927    1.183830148
   92.304950685 -1498.619546685    0.866700293
   93.361098630 -1498.029491406   -0.016171935
   94.417246575 -1498.384967660   -0.756213518
   95.473394521 -1499.065753150   -0.435959612
   96.529542466 -1498.739378217    1.009740406
   97.585690411 -1496.472223157    3.057957516
   98.641838356 -1492.370400043    4.465946172
   99.697986301 -1487.516108528    4.230561587
  100.754134247 -1483.534229353    3.010955962
  101.810282192 -1480.884798629    1.963500777
  102.866430137 -1478.814263172    2.062806937
  103.922578082 -1476.043932678    3.096742186
  104.978726027 -1471.946313153    4.289659210
  106.034873973 -1467.072638167    4.638551821
  107.091021918 -1462.610602446    3.309998207
  108.147169863 -1460.324840992    0.661044921
  109.203317808 -1461.277180539   -2.734021885
  110.259465753 -1465.637584707   -5.424454111
  111.315613699 -1471.966437502   -6.432142463
  112.371761644 -1478.265530395   -5.294488920
  113.427909589 -1482.646437342   -3.121537690
  114.484057534 -1484.846307070   -1.493587224
  115.540205479 -1486.101456938   -1.324005040
  116.596353425 -1487.843950464   -2.319373351
  117.652501370 -1490.849440457   -3.418257921
  118.708649315 -1494.754422703   -4.032134990
  119.764797260 -1499.103578425   -4.289871155
  120.820945205 -1503.757754285   -4.850081522
  121.877093151 -1509.203691011   -5.561227977
  122.933241096 -1515.300520654   -6.012002381
  123.989389041 -1521.477575384   -5.702309705
  125.045536986 -1526.903402715   -4.767703467
  126.101684932 -1531.273659598   -3.749682111
  127.157832877 -1534.910590823   -3.296194540
  128.213980822 -1538.296441289   -3.324093934
  129.270128767 -1541.545571434   -2.746675929
  130.326276712 -1543.629226922   -1.294089811
  131.382424658 -1543.849385008    0.693314752
  132.438572603 -1542.319560244    1.841673986
  133.494720548 -1540.519620621    1.011761246
  134.550868493 -1540.590144886   -1.509302145
  135.607016438 -1543.761269086   -4.512271809
  136.663164384 -1549.578285136   -6.455740025
  137.719312329 -1556.616308061   -6.989852776
  138.775460274 -1563.862028005   -6.881184166
  139.831608219 -1571.349000024   -7.590502633
  140.887756164 -1580.198828997   -9.377309604
  141.943904110 -1591.022251820  -11.179671100
  143.000052055 -1603.081308388  -11.521718709
  144.056200000 -1614.510669074  -10.037734640
  145.112347945 -1623.886388886   -7.836805336
  146.168495890 -1631.191602981   -6.435631262
  147.224643836 -1637.751379073   -6.249943717
  148.280791781 -1644.581240404   -6.874246715
  149.336939726 -1652.105040715   -7.568580406
  150.393087671 -1660.334221158   -8.210234127
  151.449235616 -1669.527415915   -9.504280438
  152.505383562 -1680.497314430  -11.633709934
  153.561531507 -1693.814279123  -13.522492854
  154.617679452 -1708.504326616  -14.133464501
  155.673827397 -1722.892343382  -13.136506666
  156.729975342 -1735.808655899  -11.433732480
  157.786123288 -1747.136263629  -10.393757968
  158.842271233 -1757.999401194  -10.466172009
  159.898419178 -1769.369692525  -11.380874298
  160.954567123 -1781.918318138  -12.349503451
  162.010715068 -1795.213664877  -12.972002434
  163.066863014 -1808.822266592  -12.826519326
  164.123010959 -1821.957485747  -12.102466073
  165.179158904 -1834.233467939  -11.333282930
  166.235306849 -1846.037810644  -11.269332366
  167.291454795 -1858.104006672  -11.994016115
  168.347602740 -1871.091865009  -12.707189733
  169.403750685 -1884.572128058  -12.834816841
  170.459898630 -1897.762946524  -12.245775351
  171.516046575 -1910.228149604  -11.618399187
  172.572194521 -1922.412295189  -11.746167013
  173.628342466 -1935.250460884  -12.906818412
  174.684490411 -1949.438360853  -14.212160163
  175.740638356 -1964.790319705  -14.837942791
  176.796786301 -1980.249448954  -14.504180727
  177.852934247 -1994.969746498  -13.549075300
  178.909082192 -2008.802768586  -12.953707758
  179.965230137 -2022.571641076  -13.464312726
  181.021378082 -2037.274227449  -14.591053846
  182.077526027 -2052.899924918  -14.962975416
  183.133673973 -2068.219450729  -13.994678616
  184.189821918 -2081.976132761  -12.128632106
  185.245969863 -2094.120781889  -11.405910431
  186.302117808 -2106.581531933  -12.705315749
  187.358265753 -2121.312773242  -15.519556101
  188.414413699 -2139.022295931  -18.071521086
  189.470561644 -2158.782117864  -19.174648051
  190.526709589 -2179.203422405  -19.856462008
  191.582857534 -2200.665931408  -21.180964666
  192.639005479 -2224.169758052  -23.615258141
  193.695153425 -2250.131530455  -25.539821902
  194.751301370 -2276.960333896  -25.206417053
  195.807449315 -2302.329076925  -22.830076999
  196.863597260 -2325.481428628  -21.623385291
  197.919745205 -2349.340147677  -24.310035505
  198.975893151 -2377.488647508  -29.237769743
  200.032041096 -2409.689935383  -30.973156577
  201.088189041 -2439.691425366  -24.863261718
  202.144336986 -2460.237058494  -14.631885056
  203.200484932 -2473.243634276  -12.814829913
  204.256632877 -2494.143918054  -30.587855903
  205.312780822 -2542.234102808  -61.033193992
  206.368928767 -2616.843761214  -74.231691604
  207.425076712 -2679.152633547  -32.454232353
  208.481224658 -2659.402122467   80.644499501
  209.537372603 -2491.970428379  239.446205757
  210.593520548 -2157.597805320  386.037311625
  211.649668493 -1700.724156283  464.273484084
  212.705816438 -1208.911890217  452.210486437
  213.761964384 -770.334753462  369.369259097
  214.818112329 -438.376226799  257.594398091
  215.874260274 -222.228050220  154.983331618
  216.930408219 -100.234994167   81.046925412
  217.986556164  -40.178875098   36.993481926
  219.042704110  -14.279735117   14.752955128
  220.098852055   -4.370334009    4.985496464
  221.155000000   -0.988003457    1.222964921
