#! FIELDS refcv.morethan file.free der_refcv.morethan
#! SET min_refcv.morethan -10.1414
#! SET max_refcv.morethan 221.155
#! SET nbins_refcv.morethan  220
#! SET periodic_refcv.morethan false
  -10.141400000   -1.371416635   -1.710393554
   -9.085252055   -4.881565069   -5.536038421
   -8.029104110  -15.306041488  -15.625707151
   -6.972956164  -42.412772924  -38.481898551
   -5.916808219 -104.231259482  -82.803423040
   -4.860660274 -227.470657721 -155.279315408
   -3.804512329 -441.302980798 -252.534638467
   -2.748364384 -762.683892583 -353.954880349
   -1.692216438 -1177.746253842 -423.280774514
   -0.636068493 -1632.709715708 -424.873604877
    0.420079452 -2046.993010100 -347.455652685
    1.476227397 -2347.935162867 -217.508115839
    2.532375342 -2506.424317624  -86.974699969
    3.588523288 -2548.132248546   -1.827153552
    4.644671233 -2531.465546701   24.632705706
    5.700819178 -2509.742806957   13.026529542
    6.756967123 -2505.925188348   -4.395224011
    7.813115068 -2513.992050247   -8.055830809
    8.869263014 -2518.369730913    1.126690202
    9.925410959 -2511.310665300   11.647252952
   10.981558904 -2496.397225867   15.306515122
   12.037706849 -2481.378475693   12.538332673
   13.093854795 -2469.983217764    8.143328002
   14.150002740 -2461.839678762    7.444748185
   15.206150685 -2452.673123723   10.261946548
   16.262298630 -2439.522582514   14.547821958
   17.318446575 -2422.021556249   18.276249705
   18.374594521 -2401.465944517   20.021923573
   19.430742466 -2379.964984048   20.151207290
   20.486890411 -2358.586605730   19.997239283
   21.543038356 -2336.991564137   20.812207659
   22.599186301 -2314.184128880   22.177835993
   23.655334247 -2290.223628744   22.649090722
   24.711482192 -2266.619916924   21.652451175
   25.767630137 -2244.475428896   19.991697671
   26.823778082 -2223.754490292   19.201094470
   27.879926027 -2203.113567994   19.880646606
   28.936073973 -2181.230245318   21.215729035
   29.992221918 -2158.101167266   22.185181016
   31.048369863 -2134.375010477   22.334620703
   32.104517808 -2110.881796010   21.965786634
   33.160665753 -2087.810904676   21.429244056
   34.216813699 -2065.176577647   21.134635439
   35.272961644 -2042.838280171   20.908981705
   36.329109589 -2020.826639618   20.484631934
   37.385257534 -1999.551635460   19.336033879
   38.441405479 -1980.024925089   17.256269435
   39.497553425 -1963.020877745   14.688086335
   40.553701370 -1948.420954786   12.927709615
   41.609849315 -1934.705553067   13.085829368
   42.665997260 -1919.840694297   15.042721522
   43.722145205 -1902.675392814   17.159237859
   44.778293151 -1883.932172788   17.639735282
   45.834441096 -1865.716094569   16.225576152
   46.890589041 -1849.752307289   13.826777409
   47.946736986 -1836.314556400   11.563610526
   49.002884932 -1824.896917464    9.851885206
   50.059032877 -1815.156846826    8.474325655
   51.115180822 -1806.800290762    7.223532966
   52.171328767 -1799.367003946    6.887836175
   53.227476712 -1791.435413498    8.265458771
   54.283624658 -1781.193613165   10.915584811
   55.339772603 -1768.255135477   13.164181512
   56.395920548 -1754.045829740   13.098576617
   57.452068493 -1741.159224073   10.772960080
   58.508216438 -1731.081270335    8.396345000
   59.564364384 -1722.571588449    7.827936902
   60.620512329 -1713.283943640    9.778483503
   61.676660274 -1701.398515398   12.422167913
   62.732808219 -1687.422401257   13.444644160
   63.788956164 -1673.683876192   12.063184975
   64.845104110 -1662.158074887    9.472424877
   65.901252055 -1653.093735233    7.722870779
   66.957400000 -1645.075702547    7.471236093
   68.013547945 -1636.917068637    7.775522324
   69.069695890 -1628.657672571    7.399687089
   70.125843836 -1621.427872487    6.027202377
   71.181991781 -1615.880375518    4.279412102
   72.238139726 -1611.831201972    3.477795285
   73.294287671 -1607.893992256    3.991154658
   74.350435616 -1602.907848628    5.179308937
   75.406583562 -1596.913796063    5.859988290
   76.462731507 -1590.966588469    5.019923631
   77.518879452 -1586.664853258    2.681321869
   78.575027397 -1585.094114652    0.138612610
   79.631175342 -1585.695030260   -1.157710492
   80.687323288 -1586.555028826   -0.193410859
   81.743471233 -1585.240689734    2.722091083
   82.799619178 -1580.400134145    6.193542011
   83.855767123 -1572.430055703    8.327568014
   84.911915068 -1563.507782657    7.959604664
   85.968063014 -1556.136520992    5.511510801
   87.024210959 -1551.752399483    2.721940356
   88.080358904 -1549.683672146    1.376199995
   89.136506849 -1547.959424752    2.032861153
   90.192654795 -1544.746444153    3.940358292
   91.248802740 -1539.535693935    5.691357843
   92.304950685 -1533.077162163    6.001254729
   93.361098630 -1527.114929146    4.845034277
   94.417246575 -1522.886963521    2.931728577
   95.473394521 -1520.510984711    1.639053862
   96.529542466 -1518.802288233    1.598507765
   97.585690411 -1516.505242992    2.611476481
   98.641838356 -1513.224345406    3.403840620
   99.697986301 -1509.770343582    2.592132223
  100.754134247 -1508.008409013    0.319430584
  101.810282192 -1509.155348718   -2.705045606
  102.866430137 -1513.475117382   -5.506861860
  103.922578082 -1520.369665016   -7.577237754
  104.978726027 -1528.758345921   -8.365339462
  106.034873973 -1537.217445114   -7.432482093
  107.091021918 -1543.755599183   -4.915247808
  108.147169863 -1546.924596629   -1.160648798
  109.203317808 -1546.066912989    2.399353217
  110.259465753 -1542.048494910    4.837436537
  111.315613699 -1536.261297251    5.652893533
  112.371761644 -1530.280483741    5.442952702
  113.427909589 -1524.868240897    4.551988602
  114.484057534 -1520.614361292    3.190868633
  115.540205479 -1517.993365564    1.573573597
  116.596353425 -1517.021978271    0.096061737
  117.652501370 -1517.403397539   -0.827723386
  118.708649315 -1518.521003275   -1.429794278
  119.764797260 -1520.375025600   -2.321409028
  120.820945205 -1523.543251405   -4.086346331
  121.877093151 -1528.908259851   -6.184527724
  122.933241096 -1536.257298823   -7.672100530
  123.989389041 -1544.469417477   -7.786533883
  125.045536986 -1552.052660796   -6.687039040
  126.101684932 -1558.199157818   -5.168310014
  127.157832877 -1563.029564270   -4.146370316
  128.213980822 -1567.067296558   -3.765189919
  129.270128767 -1570.669607553   -3.023501257
  130.326276712 -1573.088684760   -1.699773029
  131.382424658 -1573.919168575   -0.098892158
  132.438572603 -1573.506657646    0.499957686
  133.494720548 -1573.433697190   -0.902894975
  134.550868493 -1575.750443502   -3.788100198
  135.607016438 -1581.307580315   -6.638075933
  136.663164384 -1588.947980707   -7.651836672
  137.719312329 -1596.403800330   -6.479845462
  138.775460274 -1602.037294651   -4.340913012
  139.831608219 -1605.919109716   -3.458442284
  140.887756164 -1610.030300188   -4.759132731
  141.943904110 -1616.314449844   -7.408164251
  143.000052055 -1625.280931522   -9.540821570
  144.056200000 -1635.676666045  -10.037220390
  145.112347945 -1645.891111148   -9.299611887
  146.168495890 -1655.144488634   -8.523530989
  147.224643836 -1663.878881492   -8.177758996
  148.280791781 -1672.417348148   -8.118905669
  149.336939726 -1680.764179932   -7.849417238
  150.393087671 -1688.707990874   -7.392053248
  151.449235616 -1696.434155723   -7.560733456
  152.505383562 -1704.826400957   -8.758570175
  153.561531507 -1714.787719898  -10.128590538
  154.617679452 -1725.852700383  -10.747320042
  155.673827397 -1736.858552923  -10.165203167
  156.729975342 -1746.927563115   -9.011444763
  157.786123288 -1755.943865512   -8.414131064
  158.842271233 -1764.864121169   -8.747608529
  159.898419178 -1774.505773281   -9.828695088
  160.954567123 -1785.510485524  -10.990977798
  162.010715068 -1797.508336113  -11.893572272
  163.066863014 -1810.143911706  -12.069708921
  164.123010959 -1822.636338176  -11.640549619
  165.179158904 -1834.542424152  -11.089055464
  166.235306849 -1846.163819667  -11.154936089
  167.291454795 -1858.149409244  -11.947469774
  168.347602740 -1871.106317189  -12.690677517
  169.403750685 -1884.576192121  -12.829696564
  170.459898630 -1897.762946524  -12.245775351
  171.516046575 -1910.228149604  -11.618399187
  172.572194521 -1922.412295189  -11.746167013
  173.628342466 -1935.250460884  -12.906818412
  174.684490411 -1949.438360853  -14.212160163
  175.740638356 -1964.790319705  -14.837942791
  176.796786301 -1980.249448954  -14.504180727
  177.852934247 -1994.969746498  -13.549075300
  178.909082192 -2008.802768586  -12.953707758
  179.965230137 -2022.571641076  -13.464312726
  181.021378082 -2037.274227449  -14.591053846
  182.077526027 -2052.899924918  -14.962975416
  183.133673973 -2068.219450729  -13.994678616
  184.189821918 -2081.976132761  -12.128632106
  185.245969863 -2094.120781889  -11.405910431
  186.302117808 -2106.581531933  -12.705315749
  187.358265753 -2121.312773242  -15.519556101
  188.414413699 -2139.022295931  -18.071521086
  189.470561644 -2158.782117864  -19.174648051
  190.526709589 -2179.203422405  -19.856462008
  191.582857534 -2200.665931408  -21.180964666
  192.639005479 -2224.169758052  -23.615258141
  193.695153425 -2250.131530455  -25.539821902
  194.751301370 -2276.960333896  -25.206417053
  195.807449315 -2302.329076925  -22.830076999
  196.863597260 -2325.481428628  -21.623385291
  197.919745205 -2349.340147677  -24.310035505
  198.975893151 -2377.488647508  -29.237769743
  200.032041096 -2409.689935383  -30.973156577
  201.088189041 -2439.691425366  -24.863261718
  202.144336986 -2460.237058494  -14.631885056
  203.200484932 -2473.243634276  -12.814829913
  204.256632877 -2494.143918054  -30.587855903
  205.312780822 -2542.234102808  -61.033193992
  206.368928767 -2616.843761214  -74.231691604
  207.425076712 -2679.152633547  -32.454232353
  208.481224658 -2659.402122467   80.644499501
  209.537372603 -2491.970428379  239.446205757
  210.593520548 -2157.597805320  386.037311625
  211.649668493 -1700.724156283  464.273484084
  212.705816438 -1208.911890217  452.210486437
  213.761964384 -770.334753462  369.369259097
  214.818112329 -438.376226799  257.594398091
  215.874260274 -222.228050220  154.983331618
  216.930408219 -100.234994167   81.046925412
  217.986556164  -40.178875098   36.993481926
  219.042704110  -14.279735117   14.752955128
  220.098852055   -4.370334009    4.985496464
  221.155000000   -0.988003457    1.222964921
