#! FIELDS refcv.morethan file.free der_refcv.morethan
#! SET min_refcv.morethan -10.1414
#! SET max_refcv.morethan 221.155
#! SET nbins_refcv.morethan  220
#! SET periodic_refcv.morethan false
  -10.141400000   -1.225304322   -1.531858839
   -9.085252055   -4.382244318   -4.984195274
   -8.029104110  -13.797549192  -14.134570705
   -6.972956164  -38.381215113  -34.965757971
   -5.916808219  -94.694008887  -75.587922027
   -4.860660274 -207.512806419 -142.479783816
   -3.804512329 -404.315392767 -233.038942418
   -2.748364384 -701.875093048 -328.733750019
   -1.692216438 -1088.808933355 -396.070085268
   -0.636068493 -1516.404542952 -401.215669835
    0.420079452 -1909.798577674 -332.140671478
    1.476227397 -2199.803671876 -212.016734815
    2.532375342 -2356.775142100  -88.964035499
    3.588523288 -2402.704437478   -7.157358883
    4.644671233 -2391.971079870   19.043404199
    5.700819178 -2375.880500150    7.886298203
    6.756967123 -2377.562280290   -9.815851005
    7.813115068 -2391.702637916  -14.094762435
    8.869263014 -2402.427017351   -4.611646936
    9.925410959 -2400.574950264    7.766001347
   10.981558904 -2388.288088788   14.287729834
   12.037706849 -2372.831832929   14.277549996
   13.093854795 -2358.550213161   11.793069301
   14.150002740 -2346.052301870   11.884504718
   15.206150685 -2332.165243284   14.626169552
   16.262298630 -2314.787690284   18.056501445
   17.318446575 -2294.361869746   20.211339887
   18.374594521 -2272.821450101   19.963749555
   19.430742466 -2252.387952555   18.305458401
   20.486890411 -2233.543143749   17.244711575
   21.543038356 -2214.840817707   18.252565968
   22.599186301 -2194.284523273   20.548255802
   23.655334247 -2171.482487142   22.068868563
   24.711482192 -2148.064326990   21.838744787
   25.767630137 -2125.466734109   20.638787273
   26.823778082 -2103.895586547   20.160312990
   27.879926027 -2082.122106125   21.062386900
   28.936073973 -2058.950395433   22.446205475
   29.992221918 -2034.592174554   23.270484117
   31.048369863 -2009.862354320   23.171338064
   32.104517808 -1985.607720490   22.601477522
   33.160665753 -1961.912356173   22.011737802
   34.216813699 -1938.613664886   21.859594298
   35.272961644 -1915.341341478   21.994979386
   36.329109589 -1891.906907492   22.148826362
   37.385257534 -1868.525415186   21.678945147
   38.441405479 -1846.205500191   20.175015680
   39.497553425 -1825.957213070   17.840456112
   40.553701370 -1808.134711713   15.800110999
   41.609849315 -1791.807266624   15.082460124
   42.665997260 -1775.520743535   15.694280906
   43.722145205 -1758.430274204   16.419804700
   44.778293151 -1740.975680817   16.098328934
   45.834441096 -1724.353428140   14.950100827
   46.890589041 -1709.168924474   13.742575900
   47.946736986 -1695.106566302   12.764482843
   49.002884932 -1682.094405882   11.485615950
   50.059032877 -1670.930019342    9.376952981
   51.115180822 -1662.283966473    6.885056918
   52.171328767 -1655.669029457    5.860036042
   53.227476712 -1648.692345873    7.702223804
   54.283624658 -1638.422033463   11.600595437
   55.339772603 -1624.152440319   14.885484471
   56.395920548 -1608.047870499   14.785516991
   57.452068493 -1593.946434035   11.251416930
   58.508216438 -1584.274843685    7.133840815
   59.564364384 -1577.922784548    5.118258874
   60.620512329 -1571.953524781    6.330229674
   61.676660274 -1563.842317524    8.819962800
   62.732808219 -1553.632041070    9.964761230
   63.788956164 -1543.417666901    8.937876204
   64.845104110 -1534.807469865    7.200368570
   65.901252055 -1527.349093504    7.091297604
   66.957400000 -1518.833354295    9.107528463
   68.013547945 -1507.760331841   11.570235240
   69.069695890 -1494.792148330   12.308168321
   70.125843836 -1482.468927531   10.565644642
   71.181991781 -1472.837190091    7.383722481
   72.238139726 -1466.316965301    5.160700514
   73.294287671 -1460.985168912    5.137110180
   74.350435616 -1454.624723625    6.797059580
   75.406583562 -1446.460149299    8.370597640
   76.462731507 -1437.486766406    8.173706963
   77.518879452 -1429.764746792    5.925660135
   78.575027397 -1424.964578942    2.917108160
   79.631175342 -1423.132118994    0.577461888
   80.687323288 -1423.019726800   -0.208273665
   81.743471233 -1422.926573067    0.385414396
   82.799619178 -1421.826640468    1.555030641
   83.855767123 -1419.607807294    2.303593528
   84.911915068 -1417.113358804    2.109443537
   85.968063014 -1415.209836584    1.185031707
   87.024210959 -1414.327534148    0.405074167
   88.080358904 -1413.879977106    0.497142847
   89.136506849 -1412.844076600    1.434629968
   90.192654795 -1410.554532702    2.708990805
   91.248802740 -1407.091623553    3.658712563
   92.304950685 -1403.031353732    3.605377188
   93.361098630 -1399.619886403    2.472796264
   94.417246575 -1397.946927249    0.401375839
   95.473394521 -1398.614904269   -1.694295423
   96.529542466 -1401.106383435   -3.040829456
   97.585690411 -1404.325349469   -3.067303412
   98.641838356 -1407.154937879   -2.266202215
   99.697986301 -1409.071160103   -1.639009198
  100.754134247 -1410.478495757   -1.274529708
  101.810282192 -1411.565621379   -0.922485218
  102.866430137 -1412.144475493   -0.204962894
  103.922578082 -1411.825843117    0.619015306
  104.978726027 -1410.647871967    1.248513988
  106.034873973 -1409.209451412    1.266608052
  107.091021918 -1408.223075869    0.225182517
  108.147169863 -1408.806278504   -1.601799388
  109.203317808 -1411.668282933   -4.100251078
  110.259465753 -1417.160604399   -6.290948282
  111.315613699 -1424.376776691   -7.307517273
  112.371761644 -1431.743870541   -6.451327892
  113.427909589 -1437.441956344   -4.389659738
  114.484057534 -1440.856623407   -2.437058298
  115.540205479 -1442.738169369   -1.503336344
  116.596353425 -1444.144058842   -1.472456054
  117.652501370 -1445.678907276   -1.479502170
  118.708649315 -1446.987694835   -1.062528078
  119.764797260 -1447.709544076   -0.414858443
  120.820945205 -1447.856613189   -0.212290433
  121.877093151 -1448.087751957   -0.361278776
  122.933241096 -1448.526052535   -0.544639287
  123.989389041 -1449.023332371   -0.524636249
  125.045536986 -1449.498425740   -0.733994156
  126.101684932 -1450.653493450   -1.846644018
  127.157832877 -1453.750323399   -4.246144934
  128.213980822 -1459.719700466   -7.222335322
  129.270128767 -1468.425592980   -9.050210883
  130.326276712 -1478.077438092   -9.160770368
  131.382424658 -1487.086403222   -7.966277916
  132.438572603 -1494.831751416   -6.962345789
  133.494720548 -1502.136404201   -7.308837176
  134.550868493 -1510.461126030   -8.708432399
  135.607016438 -1520.392289124  -10.036487072
  136.663164384 -1531.004034451   -9.970416665
  137.719312329 -1540.622576815   -8.347661607
  138.775460274 -1548.136521621   -6.005278347
  139.831608219 -1553.522524964   -4.480660958
  140.887756164 -1558.006501133   -4.286260850
  141.943904110 -1562.688533386   -4.794981786
  143.000052055 -1567.799732707   -4.946736158
  144.056200000 -1572.715422301   -4.454750261
  145.112347945 -1577.093299611   -4.021110060
  146.168495890 -1581.360944835   -4.446710475
  147.224643836 -1586.526568255   -5.455990804
  148.280791781 -1592.719645257   -6.294561284
  149.336939726 -1599.323595907   -6.258130620
  150.393087671 -1605.480528172   -5.524475703
  151.449235616 -1610.984860692   -5.207200446
  152.505383562 -1616.654497619   -5.981817454
  153.561531507 -1623.600517664   -7.280065289
  154.617679452 -1631.869406913   -8.412454185
  155.673827397 -1640.990413660   -9.031421543
  156.729975342 -1650.719728932   -9.534294908
  157.786123288 -1661.167456627  -10.522918888
  158.842271233 -1672.884645662  -11.770758421
  159.898419178 -1685.753493433  -12.728600798
  160.954567123 -1699.329016664  -12.844058498
  162.010715068 -1712.542856265  -12.334920681
  163.066863014 -1725.057439481  -11.507090929
  164.123010959 -1736.855294563  -11.068207996
  165.179158904 -1748.648308895  -11.600295630
  166.235306849 -1761.697012255  -13.382477143
  167.291454795 -1776.909646884  -15.729790839
  168.347602740 -1794.321915879  -17.141461371
  169.403750685 -1812.340332158  -16.790188798
  170.459898630 -1829.029385246  -14.790687867
  171.516046575 -1843.245598491  -12.360248394
  172.572194521 -1855.319907672  -10.857766461
  173.628342466 -1866.611750823  -11.001872376
  174.684490411 -1878.648750723  -12.192435451
  175.740638356 -1892.264660958  -13.722949044
  176.796786301 -1907.379329430  -15.043761638
  177.852934247 -1923.617453199  -15.815320280
  178.909082192 -1940.458391960  -16.170803721
  179.965230137 -1957.559949614  -16.328892355
  181.021378082 -1974.562590015  -15.936019449
  182.077526027 -1990.603509010  -14.425249515
  183.133673973 -2004.564180838  -12.099860881
  184.189821918 -2016.002162286   -9.775911395
  185.245969863 -2025.697030881   -9.142336440
  186.302117808 -2035.750428532  -10.326152760
  187.358265753 -2047.601806158  -12.313553885
  188.414413699 -2061.205027564  -13.419280841
  189.470561644 -2075.231081094  -13.002890643
  190.526709589 -2088.499424413  -12.563307728
  191.582857534 -2101.902923197  -13.288395845
  192.639005479 -2116.908450072  -15.449689940
  193.695153425 -2134.183361743  -17.286142736
  194.751301370 -2152.382948783  -17.187297546
  195.807449315 -2169.661968672  -15.638174131
  196.863597260 -2185.949714952  -15.892399830
  197.919745205 -2204.716623905  -20.418159507
  198.975893151 -2229.786735984  -27.317605707
  200.032041096 -2261.133235728  -31.363772399
  201.088189041 -2293.197237509  -28.607726640
  202.144336986 -2320.142847016  -23.239287619
  203.200484932 -2345.317953700  -27.298466690
  204.256632877 -2384.446785739  -50.339981458
  205.312780822 -2455.165509883  -83.588493324
  206.368928767 -2553.577663060  -96.167581948
  207.425076712 -2637.385352072  -50.836709451
  208.481224658 -2634.475495092   67.262702242
  209.537372603 -2478.552397584  230.913589768
  210.593520548 -2151.107575585  381.268281502
  211.649668493 -1697.897884089  461.914526163
  212.705816438 -1207.804659327  451.175577552
  213.761964384 -769.949646437  368.972275600
  214.818112329 -438.266398852  257.472570535
  215.874260274 -222.207418883  154.959694951
  216.930408219 -100.232063724   81.043467196
  217.986556164  -40.178875098   36.993481926
  219.042704110  -14.279735117   14.752955128
  220.098852055   -4.370334009    4.985496464
  221.155000000   -0.988003457    1.222964921
