#! FIELDS refcv.morethan file.free der_refcv.morethan
#! SET min_refcv.morethan -10.1414
#! SET max_refcv.morethan 221.155
#! SET nbins_refcv.morethan  220
#! SET periodic_refcv.morethan false
  -10.141400000   -1.225304322   -1.531858839
   -9.085252055   -4.382244318   -4.984195274
   -8.029104110  -13.797549192  -14.134570705
   -6.972956164  -38.379649536  -34.963629498
   -5.916808219  -94.679618323  -75.569153369
   -4.860660274 -207.447469967 -142.400312636
   -3.804512329 -404.085366534 -232.783112937
   -2.748364384 -701.170679275 -328.026855760
   -1.692216438 -1086.888746663 -394.351816816
   -0.636068493 -1511.726877860 -397.530407303
    0.420079452 -1899.631138590 -325.211523141
    1.476227397 -2180.043725880 -200.621766709
    2.532375342 -2322.359427524  -72.640486805
    3.588523288 -2348.811833852   13.091483757
    4.644671233 -2315.694132811   40.645026748
    5.700819178 -2277.538039887   27.528775974
    6.756967123 -2260.708248961    5.296177735
    7.813115068 -2261.687421971   -4.235261546
    8.869263014 -2264.348056870    1.069309842
    9.925410959 -2257.928343294   11.001344483
   10.981558904 -2242.950170643   16.259067902
   12.037706849 -2225.936684191   15.227777229
   13.093854795 -2211.285873304   11.502621267
   14.150002740 -2199.767443429   10.355545954
   15.206150685 -2187.953008135   12.338815429
   16.262298630 -2173.061736537   15.755295066
   17.318446575 -2154.779230513   18.545496905
   18.374594521 -2134.505011333   19.290050983
   19.430742466 -2114.253887626   18.638210391
   20.486890411 -2094.639870796   18.318853956
   21.543038356 -2074.604271876   19.631908590
   22.599186301 -2052.634520445   21.777518165
   23.655334247 -2028.763700055   22.860875791
   24.711482192 -2004.767900704   22.168918530
   25.767630137 -1981.970201310   20.779651090
   26.823778082 -1960.177097541   20.539611484
   27.879926027 -1937.682156121   22.113464439
   28.936073973 -1912.955400468   24.360633320
   29.992221918 -1886.232689013   25.743972852
   31.048369863 -1858.945885261   25.386517856
   32.104517808 -1832.978003156   23.456650620
   33.160665753 -1809.529115910   20.587578561
   34.216813699 -1789.154330924   17.761233337
   35.272961644 -1771.558404316   15.458364023
   36.329109589 -1755.998400245   13.958390536
   37.385257534 -1741.661353806   12.951695399
   38.441405479 -1728.330071772   12.089261133
   39.497553425 -1715.904188525   11.216917931
   40.553701370 -1704.219579598   10.787671278
   41.609849315 -1692.599085626   11.033656597
   42.665997260 -1680.538860911   11.571011727
   43.722145205 -1668.229046372   11.444546974
   44.778293151 -1656.514903434   10.316154329
   45.834441096 -1646.036550201    9.337853493
   46.890589041 -1636.066422701    9.720072377
   47.946736986 -1624.926686970   11.368864333
   49.002884932 -1611.913920064   12.844492518
   50.059032877 -1598.198564193   12.685717877
   51.115180822 -1585.570694335   10.914296038
   52.171328767 -1574.829195730    9.491808457
   53.227476712 -1564.593922831   10.138906188
   54.283624658 -1552.633560405   12.299184292
   55.339772603 -1538.742360226   13.426359622
   56.395920548 -1525.424305824   10.991009655
   57.452068493 -1516.455253639    5.451115605
   58.508216438 -1513.545576902    0.369834376
   59.564364384 -1514.171919033   -1.054764958
   60.620512329 -1513.725855989    2.252537288
   61.676660274 -1508.448147959    7.576009075
   62.732808219 -1498.208801243   11.109858044
   63.788956164 -1486.153494362   10.983241252
   64.845104110 -1475.749814111    8.257461098
   65.901252055 -1468.397174392    5.666816768
   66.957400000 -1462.946679575    4.771007275
   68.013547945 -1457.697974236    5.107024330
   69.069695890 -1451.997792701    5.314499114
   70.125843836 -1446.617378365    4.632815068
   71.181991781 -1442.269611389    3.391474505
   72.238139726 -1438.958258491    2.986274897
   73.294287671 -1435.274704768    4.043429082
   74.350435616 -1429.842038263    6.042553011
   75.406583562 -1422.422112518    7.738234142
   76.462731507 -1413.900202579    8.056013989
   77.518879452 -1405.710023103    7.060569288
   78.575027397 -1398.767341527    5.919215009
   79.631175342 -1392.700817519    5.579205615
   80.687323288 -1386.399765855    6.416973688
   81.743471233 -1378.720629209    8.021882581
   82.799619178 -1369.256157996    9.692139555
   83.855767123 -1358.322236843   10.624470678
   84.911915068 -1347.082881534   10.267222042
   85.968063014 -1336.948285613    8.473639642
   87.024210959 -1329.279786384    5.780175862
   88.080358904 -1324.603078428    3.011894065
   89.136506849 -1322.594424704    0.780799307
   90.192654795 -1322.469020277   -0.588171871
   91.248802740 -1323.400167452   -1.153563480
   92.304950685 -1324.648991029   -1.430049458
   93.361098630 -1326.170637276   -1.666740666
   94.417246575 -1328.045930859   -2.083199127
   95.473394521 -1330.312872477   -2.216561423
   96.529542466 -1332.369208947   -1.755840586
   97.585690411 -1333.496075672   -0.497134631
   98.641838356 -1333.253996334    0.843984460
   99.697986301 -1331.984992495    1.152654245
  100.754134247 -1331.029683177    0.292553475
  101.810282192 -1331.424267665   -1.246004835
  102.866430137 -1333.394105864   -2.445630708
  103.922578082 -1336.148125104   -2.753935960
  104.978726027 -1338.570765300   -1.952929313
  106.034873973 -1339.885985878   -0.588503527
  107.091021918 -1339.868384112    0.282946868
  108.147169863 -1339.372677727    0.345782649
  109.203317808 -1339.297743109   -0.515906872
  110.259465753 -1340.282035632   -1.408084694
  111.315613699 -1341.890896419   -1.696231030
  112.371761644 -1343.409012528   -1.207364404
  113.427909589 -1344.375844836   -0.880008843
  114.484057534 -1345.465620152   -1.607037325
  115.540205479 -1347.881616458   -3.197090979
  116.596353425 -1351.910772541   -4.483082735
  117.652501370 -1356.658691897   -4.353542688
  118.708649315 -1360.581376303   -3.114161866
  119.764797260 -1363.201991415   -2.125677577
  120.820945205 -1365.479926296   -2.705632948
  121.877093151 -1369.164030319   -4.462965303
  122.933241096 -1374.746452937   -6.067833356
  123.989389041 -1381.365737946   -6.359068360
  125.045536986 -1387.542864210   -5.473884743
  126.101684932 -1392.639744073   -4.407541070
  127.157832877 -1397.077391926   -4.178222161
  128.213980822 -1401.615508294   -4.631728698
  129.270128767 -1406.463483453   -4.453360291
  130.326276712 -1410.555993526   -3.358606201
  131.382424658 -1413.208515664   -1.881738658
  132.438572603 -1414.736393589   -1.380570366
  133.494720548 -1416.657228616   -2.722950192
  134.550868493 -1420.749601421   -5.271125556
  135.607016438 -1427.614429286   -7.634194989
  136.663164384 -1436.157055746   -8.427087232
  137.719312329 -1444.543085294   -7.540367948
  138.775460274 -1451.569818494   -5.880116940
  139.831608219 -1457.137220313   -4.908680848
  140.887756164 -1462.232156418   -4.942748008
  141.943904110 -1467.518172749   -5.191272231
  143.000052055 -1472.737524390   -4.718516070
  144.056200000 -1477.083810237   -3.642208064
  145.112347945 -1480.563506345   -3.277390904
  146.168495890 -1484.557916815   -4.869318167
  147.224643836 -1491.294575781   -8.147266406
  148.280791781 -1501.836838584  -11.866515455
  149.336939726 -1515.781460144  -14.461237725
  150.393087671 -1531.563382706  -15.310757427
  151.449235616 -1547.602231109  -15.104203796
  152.505383562 -1563.136781098  -14.542577341
  153.561531507 -1577.912276477  -13.368097600
  154.617679452 -1590.995781064  -11.365421633
  155.673827397 -1601.464729466   -8.616682770
  156.729975342 -1609.085288591   -6.020729632
  157.786123288 -1614.493167515   -4.656535363
  158.842271233 -1619.255983492   -4.656706129
  159.898419178 -1624.543513119   -5.671889947
  160.954567123 -1631.248116970   -7.065008753
  162.010715068 -1639.404285179   -8.611020417
  163.066863014 -1649.149995147   -9.939744239
  164.123010959 -1660.169778008  -10.990380623
  165.179158904 -1672.153501329  -11.824043734
  166.235306849 -1685.060326871  -12.714194105
  167.291454795 -1698.776722353  -13.517398038
  168.347602740 -1713.021602838  -13.408497355
  169.403750685 -1726.472841968  -11.952515181
  170.459898630 -1737.660015855   -9.257606288
  171.516046575 -1745.794689489   -6.420935325
  172.572194521 -1751.565733966   -4.961208464
  173.628342466 -1756.998848042   -5.963371251
  174.684490411 -1764.590668262   -8.933509549
  175.740638356 -1775.929350289  -12.657238186
  176.796786301 -1790.901517645  -15.677196590
  177.852934247 -1808.225342788  -17.027904318
  178.909082192 -1826.201926523  -16.998051244
  179.965230137 -1843.853490526  -16.588458597
  181.021378082 -1861.073119972  -16.222647420
  182.077526027 -1877.824400550  -15.587890441
  183.133673973 -1893.732759077  -14.646053370
  184.189821918 -1908.579474238  -13.620490335
  185.245969863 -1922.813915631  -13.787630474
  186.302117808 -1937.953424154  -15.219282437
  187.358265753 -1954.946744516  -17.086256658
  188.414413699 -1973.495759780  -17.999824424
  189.470561644 -1992.310805093  -17.516242745
  190.526709589 -2010.410197984  -17.214234578
  191.582857534 -2028.855933591  -18.158837667
  192.639005479 -2049.037284246  -20.286599152
  193.695153425 -2071.160744336  -21.475739007
  194.751301370 -2093.157298857  -20.087090740
  195.807449315 -2112.688102616  -17.001881829
  196.863597260 -2129.795677353  -16.206232505
  197.919745205 -2148.807254039  -20.759641337
  198.975893151 -2174.790957889  -28.868045141
  200.032041096 -2208.787617636  -34.890222045
  201.088189041 -2245.701197512  -34.211915829
  202.144336986 -2279.464510998  -30.413197409
  203.200484932 -2312.672727771  -35.169747584
  204.256632877 -2360.065243326  -57.952728016
  205.312780822 -2438.335263048  -90.154957871
  206.368928767 -2542.915483747 -101.232186619
  207.425076712 -2631.230016334  -54.320957271
  208.481224658 -2631.258722806   65.132819942
  209.537372603 -2477.038911869  229.760097181
  210.593520548 -2150.471360772  380.718646584
  211.649668493 -1697.661545403  461.686548287
  212.705816438 -1207.724237849  451.088978304
  213.761964384 -769.928025213  368.946959341
  214.818112329 -438.263014260  257.468295722
  215.874260274 -222.207418883  154.959694951
  216.930408219 -100.232063724   81.043467196
  217.986556164  -40.178875098   36.993481926
  219.042704110  -14.279735117   14.752955128
  220.098852055   -4.370334009    4.985496464
  221.155000000   -0.988003457    1.222964921
