#! FIELDS refcv.morethan file.free der_refcv.morethan
#! SET min_refcv.morethan -10.1414
#! SET max_refcv.morethan 221.155
#! SET nbins_refcv.morethan  220
#! SET periodic_refcv.morethan false
  -10.141400000   -0.748783514   -0.947299062
   -9.085252055   -2.743782675   -3.165093422
   -8.029104110   -8.818924178   -9.186966331
   -6.972956164  -25.003273173  -23.227429976
   -5.916808219  -62.861226834  -51.329897806
   -4.860660274 -140.489791494  -99.106564267
   -3.804512329 -279.301973551 -166.362727014
   -2.748364384 -494.897974667 -241.427434490
   -1.692216438 -783.606693157 -300.088364187
   -0.636068493 -1113.113809485 -314.575094893
    0.420079452 -1427.040698498 -270.082427478
    1.476227397 -1666.641288875 -178.007907995
    2.532375342 -1798.541560910  -73.041229521
    3.588523288 -1830.257369578    6.262919924
    4.644671233 -1801.766327567   40.004602662
    5.700819178 -1759.524893254   35.415718202
    6.756967123 -1732.182776795   16.042306544
    7.813115068 -1723.347006163    2.750630587
    8.869263014 -1721.908037352    1.843040390
    9.925410959 -1717.278879204    7.307764506
   10.981558904 -1707.225665946   11.038158512
   12.037706849 -1695.643319722   10.343127165
   13.093854795 -1685.712659337    7.902577711
   14.150002740 -1677.201523782    8.391070759
   15.206150685 -1666.284959678   12.643442646
   16.262298630 -1649.953671022   17.992486267
   17.318446575 -1628.998199166   21.002833982
   18.374594521 -1607.032981869   19.891238895
   19.430742466 -1587.679054930   16.467732051
   20.486890411 -1571.349337797   14.695835534
   21.543038356 -1554.801993153   17.112892239
   22.599186301 -1534.064681701   22.143274804
   23.655334247 -1508.413011996   25.689173630
   24.711482192 -1481.154113012   25.090551193
   25.767630137 -1456.426325091   21.260123036
   26.823778082 -1435.975245466   17.587759404
   27.879926027 -1418.051135689   16.722243296
   28.936073973 -1399.475694772   18.453274454
   29.992221918 -1378.641214548   20.703390252
   31.048369863 -1356.108418496   21.490646277
   32.104517808 -1333.793243965   20.487256795
   33.160665753 -1312.907744798   18.841710802
   34.216813699 -1293.323060360   18.216161234
   35.272961644 -1273.713593816   18.929781831
   36.329109589 -1253.029044971   20.047543140
   37.385257534 -1231.697844251   19.793097857
   38.441405479 -1211.892239596   17.222387404
   39.497553425 -1195.748014466   13.066416810
   40.553701370 -1183.781510068    9.769462931
   41.609849315 -1173.865455641    9.323049356
   42.665997260 -1162.941680090   11.444604232
   43.722145205 -1149.604928776   13.471218658
   44.778293151 -1135.311901436   12.854900114
   45.834441096 -1122.991765831   10.016817264
   46.890589041 -1113.784152788    7.705966069
   47.946736986 -1105.605533181    8.223936837
   49.002884932 -1095.354181210   11.262224436
   50.059032877 -1081.727248088   14.194286183
   51.115180822 -1066.084310589   14.876482771
   52.171328767 -1050.815469800   13.796433064
   53.227476712 -1036.780487722   12.928225763
   54.283624658 -1022.938852947   13.214938993
   55.339772603 -1008.539100170   13.846198159
   56.395920548 -994.057056062   13.204618983
   57.452068493 -980.921936820   11.440274581
   58.508216438 -969.493221020   10.427473480
   59.564364384 -958.182138191   11.024144126
   60.620512329 -945.612981551   12.493050990
   61.676660274 -932.216996195   12.232164256
   62.732808219 -920.807221615    8.734940450
   63.788956164 -914.409927785    3.260857038
   64.845104110 -913.369897404   -0.994386183
   65.901252055 -914.782818391   -1.033660329
   66.957400000 -913.888131969    3.160570455
   68.013547945 -907.449548034    8.875417546
   69.069695890 -895.613682629   12.885646461
   70.125843836 -881.397676159   13.383665411
   71.181991781 -868.347408270   10.781595618
   72.238139726 -858.780811595    7.262361997
   73.294287671 -852.695227124    4.335801756
   74.350435616 -849.181448835    2.267906594
   75.406583562 -847.726680824    0.436112636
   76.462731507 -848.247495040   -1.435450685
   77.518879452 -850.330781830   -2.424557213
   78.575027397 -852.234603390   -0.815336279
   79.631175342 -850.796240848    3.886435080
   80.687323288 -843.225862427   10.476304109
   81.743471233 -828.880845302   16.147984081
   82.799619178 -810.280748140   18.213408125
   83.855767123 -792.009173178   15.496439483
   84.911915068 -778.791731612    9.016300984
   85.968063014 -773.238196763    1.477996622
   87.024210959 -774.812819117   -4.054460274
   88.080358904 -780.237639518   -5.550094741
   89.136506849 -785.078767446   -3.126335317
   90.192654795 -785.977408224    1.396304868
   91.248802740 -782.281379985    5.210583768
   92.304950685 -776.066687049    5.699672038
   93.361098630 -771.420964731    2.406913161
   94.417246575 -771.525368223   -2.734381882
   95.473394521 -776.491951024   -6.172357322
   96.529542466 -783.006762441   -5.509015611
   97.585690411 -786.670226807   -1.138284220
   98.641838356 -785.082335409    3.961798674
   99.697986301 -779.087359663    6.722452050
  100.754134247 -771.848298186    6.420714217
  101.810282192 -766.148275953    4.004463563
  102.866430137 -763.495402327    0.964097048
  103.922578082 -764.032209962   -2.058643171
  104.978726027 -767.328308457   -4.146967073
  106.034873973 -772.049162253   -4.415856499
  107.091021918 -775.870918791   -2.622194754
  108.147169863 -776.908904663    0.640564178
  109.203317808 -774.621834063    3.229122150
  110.259465753 -770.761584646    3.499964389
  111.315613699 -768.087122887    1.125137833
  112.371761644 -768.895732580   -2.759618812
  113.427909589 -773.843003519   -6.574206981
  114.484057534 -782.097743733   -8.848474256
  115.540205479 -791.480805988   -8.518401093
  116.596353425 -798.862190327   -5.084561717
  117.652501370 -801.325152252    0.550598340
  118.708649315 -797.748806580    5.857395771
  119.764797260 -790.095387034    7.848431676
  120.820945205 -782.717186743    5.217544536
  121.877093151 -779.938923413   -0.179625147
  122.933241096 -782.854455915   -5.064707085
  123.989389041 -789.481993588   -6.981494504
  125.045536986 -796.443037755   -6.002508192
  126.101684932 -801.501861037   -3.568244865
  127.157832877 -804.002934275   -1.189910559
  128.213980822 -804.045482764    0.997032984
  129.270128767 -801.622354179    3.600878597
  130.326276712 -796.436607605    5.966827965
  131.382424658 -789.473874791    6.687242258
  132.438572603 -783.228843933    4.560567271
  133.494720548 -780.788588961   -0.336497345
  134.550868493 -784.181738713   -6.147894007
  135.607016438 -793.168019207  -10.457157539
  136.663164384 -805.049426683  -11.650080963
  137.719312329 -816.480931745   -9.838146851
  138.775460274 -825.203836844   -6.675172610
  139.831608219 -830.936865564   -4.518958619
  140.887756164 -835.483660851   -4.501597594
  141.943904110 -840.998815561   -6.293290482
  143.000052055 -848.862362503   -8.681390708
  144.056200000 -859.096275513  -10.646804784
  145.112347945 -870.991573410  -11.717105620
  146.168495890 -883.365292345  -11.646362105
  147.224643836 -894.844774153   -9.744217365
  148.280791781 -903.317014692   -6.043980068
  149.336939726 -907.251120299   -1.607238771
  150.393087671 -907.079602677    1.404809513
  151.449235616 -905.632180840    0.432316568
  152.505383562 -907.553012153   -4.836044261
  153.561531507 -916.349400778  -11.779858264
  154.617679452 -931.716708794  -16.720152981
  155.673827397 -949.946911055  -17.159769558
  156.729975342 -966.403879859  -13.558219056
  157.786123288 -978.175617690   -8.993523097
  158.842271233 -986.037617001   -6.442361135
  159.898419178 -993.000552220   -7.474170677
  160.954567123 -1002.737048707  -11.215468905
  162.010715068 -1016.861450174  -15.584102459
  163.066863014 -1034.936136668  -18.326170517
  164.123010959 -1054.638628607  -18.605086206
  165.179158904 -1073.592452713  -17.215121753
  166.235306849 -1090.995681113  -15.813944638
  167.291454795 -1107.350510303  -15.639868612
  168.347602740 -1124.171588535  -16.416214166
  169.403750685 -1142.067893061  -17.564734442
  170.459898630 -1161.007710865  -18.303047906
  171.516046575 -1180.427445090  -18.454852714
  172.572194521 -1199.850970650  -18.373089921
  173.628342466 -1219.168911157  -18.320879458
  174.684490411 -1238.182373223  -17.700534967
  175.740638356 -1256.019309713  -15.892611874
  176.796786301 -1271.179749758  -12.821453664
  177.852934247 -1282.810127851   -9.427927546
  178.909082192 -1291.623155071   -7.774619834
  179.965230137 -1300.274171746   -9.228105792
  181.021378082 -1311.745615675  -12.759933894
  182.077526027 -1326.884517016  -15.710416028
  183.133673973 -1343.912030081  -16.086179319
  184.189821918 -1359.917977285  -14.016076853
  185.245969863 -1373.486814259  -12.098712378
  186.302117808 -1386.114097260  -12.346359766
  187.358265753 -1400.418393036  -15.181935374
  188.414413699 -1418.363252663  -18.919634976
  189.470561644 -1439.883216817  -21.549367070
  190.526709589 -1463.268878764  -22.750607444
  191.582857534 -1487.232205258  -22.540900880
  192.639005479 -1510.519924528  -21.533018306
  193.695153425 -1532.245347910  -19.603857022
  194.751301370 -1551.581276773  -17.337986805
  195.807449315 -1569.130552740  -16.379604463
  196.863597260 -1587.518541161  -19.225086914
  197.919745205 -1611.018757562  -25.826612977
  198.975893151 -1641.881061313  -32.229527716
  200.032041096 -1676.909584860  -32.968328595
  201.088189041 -1708.465450636  -25.998167496
  202.144336986 -1730.793189971  -17.091510796
  203.200484932 -1747.457170776  -16.782933408
  204.256632877 -1771.098555040  -30.250149848
  205.312780822 -1812.320721266  -46.758691438
  206.368928767 -1862.184506566  -41.961287958
  207.425076712 -1885.088473174    6.645826270
  208.481224658 -1831.736756139  100.141680530
  209.537372603 -1667.070783387  210.919996484
  210.593520548 -1394.801704383  297.050572845
  211.649668493 -1059.452567490  327.256407783
  212.705816438 -724.697882674  297.637191632
  213.761964384 -444.180072962  229.294474777
  214.818112329 -243.160669267  151.756127787
  215.874260274 -118.617492074   86.999249800
  216.930408219  -51.508898586   43.474644803
  217.986556164  -19.890130377   19.006097684
  219.042704110   -6.800243649    7.254638886
  220.098852055   -1.936062790    2.263593044
  221.155000000   -0.317789727    0.398265944
