#! FIELDS refcv.morethan file.free der_refcv.morethan
#! SET min_refcv.morethan -10.1414
#! SET max_refcv.morethan 221.155
#! SET nbins_refcv.morethan  220
#! SET periodic_refcv.morethan false
  -10.141400000   -0.851196064   -1.072923149
   -9.085252055   -3.095509585   -3.555459571
   -8.029104110   -9.886724470  -10.247369397
   -6.972956164  -27.868838073  -25.738516553
   -5.916808219  -69.676214977  -56.516284060
   -4.860660274 -154.822182981 -108.365859668
   -3.804512329 -306.009692414 -180.585257019
   -2.748364384 -539.093919937 -260.069470261
   -1.692216438 -848.840910956 -320.739671427
   -0.636068493 -1199.686199092 -333.743286861
    0.420079452 -1531.823683102 -285.139521750
    1.476227397 -1785.039226317 -188.996904303
    2.532375342 -1927.537542985  -82.709466799
    3.588523288 -1970.293854791   -5.424589560
    4.644671233 -1955.918147418   25.017846559
    5.700819178 -1930.578942847   18.923900655
    6.756967123 -1919.900147486    1.595545718
    7.813115068 -1923.880181478   -6.727491018
    8.869263014 -1929.357821964   -1.821349773
    9.925410959 -1925.957155851    8.364189763
   10.981558904 -1913.164219067   14.830642024
   12.037706849 -1897.030632190   14.863608821
   13.093854795 -1882.674442608   11.449726391
   14.150002740 -1871.407503790    9.947835019
   15.206150685 -1860.048764257   11.978560411
   16.262298630 -1845.302694719   15.848545232
   17.318446575 -1826.847303542   18.627357964
   18.374594521 -1807.052152972   18.171606271
   19.430742466 -1789.096050965   15.424295776
   20.486890411 -1773.855382558   13.488333999
   21.543038356 -1759.070045988   14.863934485
   22.599186301 -1741.369503447   18.662038732
   23.655334247 -1719.765539791   21.625994949
   24.711482192 -1696.661238370   21.424203624
   25.767630137 -1675.285507027   18.606036819
   26.823778082 -1657.101659793   15.874281483
   27.879926027 -1640.686806901   15.498409622
   28.936073973 -1623.293183130   17.408974281
   29.992221918 -1603.406337828   19.973563749
   31.048369863 -1581.321704674   21.387191955
   32.104517808 -1558.787971185   20.900520728
   33.160665753 -1537.524816482   18.956647470
   34.216813699 -1518.502298429   16.852506884
   35.272961644 -1501.408834574   15.502059612
   36.329109589 -1485.176719915   15.258320396
   37.385257534 -1468.803615756   15.527786386
   38.441405479 -1452.259394154   15.576962738
   39.497553425 -1435.921211981   15.091412144
   40.553701370 -1420.082979857   14.819970960
   41.609849315 -1404.047139325   15.457263602
   42.665997260 -1386.977033076   16.657893880
   43.722145205 -1369.114438012   16.742155974
   44.778293151 -1352.318259331   14.391211675
   45.834441096 -1338.947891723   10.546089027
   46.890589041 -1329.550639188    7.499460376
   47.946736986 -1322.136444636    6.862983199
   49.002884932 -1314.181492976    8.176910780
   50.059032877 -1304.707547087    9.531535482
   51.115180822 -1294.380484486    9.666596435
   52.171328767 -1284.261721317    9.427105610
   53.227476712 -1273.934775352   10.321078542
   54.283624658 -1261.836267818   12.462547990
   55.339772603 -1247.486371012   14.350648433
   56.395920548 -1232.169294828   14.119635640
   57.452068493 -1218.204346009   11.962933755
   58.508216438 -1206.602637171   10.184200268
   59.564364384 -1195.779940667   10.461014139
   60.620512329 -1183.438607789   12.835402987
   61.676660274 -1168.576799881   14.853419434
   62.732808219 -1152.865439015   14.256385815
   63.788956164 -1139.258886779   11.188461997
   64.845104110 -1129.053885969    8.161219443
   65.901252055 -1120.720604789    8.040854671
   66.957400000 -1110.836252411   10.871168423
   68.013547945 -1097.542046565   13.894285747
   69.069695890 -1082.313079332   14.091448626
   70.125843836 -1068.890776206   10.802680125
   71.181991781 -1059.813141985    6.310783681
   72.238139726 -1054.422617203    4.495972192
   73.294287671 -1048.681417086    6.899450576
   74.350435616 -1038.820308566   11.599720616
   75.406583562 -1024.636828154   14.596678332
   76.462731507 -1009.673990095   12.827770317
   77.518879452 -998.957838215    6.779007409
   78.575027397 -995.372354369    0.024157024
   79.631175342 -997.720441292   -3.940536066
   80.687323288 -1002.019893058   -3.583892582
   81.743471233 -1004.054426039   -0.079795407
   82.799619178 -1001.800040915    4.133583380
   83.855767123 -995.822692492    6.608907947
   84.911915068 -988.759816977    6.157934306
   85.968063014 -983.594787151    3.116862513
   87.024210959 -982.324743914   -0.879198456
   88.080358904 -984.951681561   -3.865886202
   89.136506849 -989.685009182   -4.760269450
   90.192654795 -994.145051462   -3.547162445
   91.248802740 -996.691340966   -1.286407098
   92.304950685 -996.990883516    0.306278352
   93.361098630 -996.416016473    0.371493073
   94.417246575 -996.472529750   -0.686038568
   95.473394521 -997.524088631   -1.135009566
   96.529542466 -998.077701070    0.272287693
   97.585690411 -996.159610184    3.347889518
   98.641838356 -990.976160351    6.253775785
   99.697986301 -983.601568705    7.201686150
  100.754134247 -976.290122940    6.290527362
  101.810282192 -970.451212607    4.578810310
  102.866430137 -966.364358222    3.204177348
  103.922578082 -963.460821736    2.196247161
  104.978726027 -961.373676590    1.586278238
  106.034873973 -959.828753369    1.374906181
  107.091021918 -958.318722643    1.355203259
  108.147169863 -956.722720600    1.530325838
  109.203317808 -955.068395398    1.315315434
  110.259465753 -953.920897549    0.689689416
  111.315613699 -953.572592469   -0.138264534
  112.371761644 -954.042710280   -0.697356507
  113.427909589 -954.902569058   -1.043960051
  114.484057534 -955.990303840   -1.153311720
  115.540205479 -957.046183847   -0.835789855
  116.596353425 -957.314894514    0.355028300
  117.652501370 -955.858249303    2.380297274
  118.708649315 -952.247837928    4.229209826
  119.764797260 -947.426503072    4.484145665
  120.820945205 -943.455002921    2.537216988
  121.877093151 -942.275776423   -0.367444415
  122.933241096 -943.872977678   -2.474237814
  123.989389041 -946.770821486   -2.840393781
  125.045536986 -949.342444203   -2.166879632
  126.101684932 -951.287991871   -1.798128329
  127.157832877 -953.538461363   -2.654371340
  128.213980822 -957.146103083   -4.372813065
  129.270128767 -962.503892338   -5.740933977
  130.326276712 -968.984983046   -6.568120062
  131.382424658 -976.196699571   -7.225028735
  132.438572603 -984.205248347   -8.048564644
  133.494720548 -993.096373268   -8.782360376
  134.550868493 -1002.314851571   -8.567122944
  135.607016438 -1010.565231857   -6.830434094
  136.663164384 -1016.152477819   -3.785503856
  137.719312329 -1018.285331850   -0.620884776
  138.775460274 -1017.748698906    1.259126397
  139.831608219 -1016.477527339    0.711760084
  140.887756164 -1016.878152946   -1.711278380
  141.943904110 -1020.038006566   -4.298465478
  143.000052055 -1025.301609135   -5.479321742
  144.056200000 -1030.959486615   -5.151067264
  145.112347945 -1036.101693610   -4.772642503
  146.168495890 -1041.406492076   -5.707815232
  147.224643836 -1048.339583348   -7.489897051
  148.280791781 -1056.847630363   -8.334942950
  149.336939726 -1064.907472013   -6.609977305
  150.393087671 -1069.813981029   -2.574760486
  151.449235616 -1070.364059021    1.072401642
  152.505383562 -1068.506356500    1.586012884
  153.561531507 -1068.187818648   -1.501776451
  154.617679452 -1072.375502677   -6.571348576
  155.673827397 -1081.649039540  -10.843273123
  156.729975342 -1094.227655522  -12.553740717
  157.786123288 -1107.218471787  -11.888314740
  158.842271233 -1118.822172450  -10.071423576
  159.898419178 -1128.638126398   -8.867921928
  160.954567123 -1138.036940167   -9.169470580
  162.010715068 -1148.491534537  -11.028405631
  163.066863014 -1161.308451479  -13.324001241
  164.123010959 -1176.376621136  -15.109473853
  165.179158904 -1192.823199564  -16.006732195
  166.235306849 -1209.948395893  -16.312453767
  167.291454795 -1227.138299547  -16.478029080
  168.347602740 -1244.370126402  -16.143625946
  169.403750685 -1260.955988185  -15.256486800
  170.459898630 -1276.244002624  -13.750198473
  171.516046575 -1289.814579773  -12.079290490
  172.572194521 -1301.931770334  -11.118892385
  173.628342466 -1313.692767224  -11.545149753
  174.684490411 -1326.459677163  -12.939160419
  175.740638356 -1340.939511118  -14.472637572
  176.796786301 -1356.672021973  -15.344023235
  177.852934247 -1372.837423102  -15.284929136
  178.909082192 -1388.881100563  -15.288106349
  179.965230137 -1405.414405156  -16.326594758
  181.021378082 -1423.443134176  -17.950787852
  182.077526027 -1442.824468141  -18.583698269
  183.133673973 -1461.901795600  -17.284507576
  184.189821918 -1478.756914746  -14.617250916
  185.245969863 -1493.086646448  -13.057814561
  186.302117808 -1507.124260182  -14.100855183
  187.358265753 -1523.607716260  -17.464119964
  188.414413699 -1543.897411847  -20.917149029
  189.470561644 -1566.956266558  -22.343763640
  190.526709589 -1590.292716276  -21.843206413
  191.582857534 -1612.499128739  -20.265777383
  192.639005479 -1633.062248619  -18.867274453
  193.695153425 -1652.240074223  -17.611822746
  194.751301370 -1670.092309012  -16.544747344
  195.807449315 -1687.353782718  -16.559438345
  196.863597260 -1706.132085348  -19.664573119
  197.919745205 -1729.997659893  -26.034484369
  198.975893151 -1760.974444415  -32.348628464
  200.032041096 -1796.391068846  -33.742998399
  201.088189041 -1829.456964499  -28.190940026
  202.144336986 -1854.941692355  -20.902564817
  203.200484932 -1876.321585332  -21.832250569
  204.256632877 -1905.777740579  -36.187191057
  205.312780822 -1953.650981833  -53.385221478
  206.368928767 -2010.588724996  -48.513628878
  207.425076712 -2039.420274189    2.502060986
  208.481224658 -1987.556987297  102.095674662
  209.537372603 -1816.116352856  222.129191971
  210.593520548 -1526.836536272  317.755991605
  211.649668493 -1165.949744700  354.062282147
  212.705816438 -802.033902682  325.106009607
  213.761964384 -494.378431330  252.575167758
  214.818112329 -272.162311915  168.442872304
  215.874260274 -133.483685309   97.231641740
  216.930408219  -58.265477223   48.896247215
  217.986556164  -22.609974811   21.500909388
  219.042704110   -7.771256133    8.257902787
  220.098852055   -2.240957618    2.613688675
  221.155000000   -0.385570351    0.483110961
