#! FIELDS refcv.morethan file.free der_refcv.morethan
#! SET min_refcv.morethan -10.1414
#! SET max_refcv.morethan 221.155
#! SET nbins_refcv.morethan  220
#! SET periodic_refcv.morethan false
  -10.141400000   -1.225304322   -1.531858839
   -9.085252055   -4.382244318   -4.984195274
   -8.029104110  -13.797549192  -14.134570705
   -6.972956164  -38.379649536  -34.963629498
   -5.916808219  -94.679618323  -75.569153369
   -4.860660274 -207.447469967 -142.400312636
   -3.804512329 -404.085366534 -232.783112937
   -2.748364384 -701.170679275 -328.026855760
   -1.692216438 -1086.888746663 -394.351816816
   -0.636068493 -1511.726877860 -397.530407303
    0.420079452 -1899.631138590 -325.211523141
    1.476227397 -2180.043725880 -200.621766709
    2.532375342 -2322.359427524  -72.640486805
    3.588523288 -2348.811833852   13.091483757
    4.644671233 -2315.694132811   40.645026748
    5.700819178 -2277.538039887   27.528775974
    6.756967123 -2260.708248961    5.296177735
    7.813115068 -2261.687421971   -4.235261546
    8.869263014 -2264.348056870    1.069309842
    9.925410959 -2257.928343294   11.001344483
   10.981558904 -2242.950170643   16.259067902
   12.037706849 -2225.936684191   15.227777229
   13.093854795 -2211.285873304   11.502621267
   14.150002740 -2199.767443429   10.355545954
   15.206150685 -2187.953008135   12.338815429
   16.262298630 -2173.061736537   15.755295066
   17.318446575 -2154.779230513   18.545496905
   18.374594521 -2134.505011333   19.290050983
   19.430742466 -2114.253887626   18.638210391
   20.486890411 -2094.639870796   18.318853956
   21.543038356 -2074.604271876   19.631908590
   22.599186301 -2052.634520445   21.777518165
   23.655334247 -2028.763700055   22.860875791
   24.711482192 -2004.767900704   22.168918530
   25.767630137 -1981.970201310   20.779651090
   26.823778082 -1960.177097541   20.539611484
   27.879926027 -1937.682156121   22.113464439
   28.936073973 -1912.955400468   24.360633320
   29.992221918 -1886.232689013   25.743972852
   31.048369863 -1858.945885261   25.386517856
   32.104517808 -1832.978003156   23.456650620
   33.160665753 -1809.529115910   20.587578561
   34.216813699 -1789.154330924   17.761233337
   35.272961644 -1771.558404316   15.458364023
   36.329109589 -1755.998400245   13.958390536
   37.385257534 -1741.661353806   12.951695399
   38.441405479 -1728.330071772   12.089261133
   39.497553425 -1715.904188525   11.216917931
   40.553701370 -1704.219579598   10.787671278
   41.609849315 -1692.599085626   11.033656597
   42.665997260 -1680.538860911   11.571011727
   43.722145205 -1668.229046372   11.444546974
   44.778293151 -1656.514903434   10.316154329
   45.834441096 -1646.036550201    9.337853493
   46.890589041 -1636.066422701    9.720072377
   47.946736986 -1624.926686970   11.368864333
   49.002884932 -1611.913920064   12.844492518
   50.059032877 -1598.198564193   12.685717877
   51.115180822 -1585.570694335   10.914296038
   52.171328767 -1574.829195730    9.491808457
   53.227476712 -1564.593922831   10.138906188
   54.283624658 -1552.633560405   12.299184292
   55.339772603 -1538.742360226   13.426359622
   56.395920548 -1525.424305824   10.991009655
   57.452068493 -1516.455253639    5.451115605
   58.508216438 -1513.545576902    0.369834376
   59.564364384 -1514.171919033   -1.054764958
   60.620512329 -1513.725855989    2.252537288
   61.676660274 -1508.448147959    7.576009075
   62.732808219 -1498.208801243   11.109858044
   63.788956164 -1486.153494362   10.983241252
   64.845104110 -1475.749814111    8.257461098
   65.901252055 -1468.397174392    5.666816768
   66.957400000 -1462.946679575    4.771007275
   68.013547945 -1457.697974236    5.107024330
   69.069695890 -1451.997792701    5.314499114
   70.125843836 -1446.617378365    4.632815068
   71.181991781 -1442.269611389    3.391474505
   72.238139726 -1438.958258491    2.986274897
   73.294287671 -1435.274704768    4.043429082
   74.350435616 -1429.842038263    6.042553011
   75.406583562 -1422.422112518    7.738234142
   76.462731507 -1413.900202579    8.056013989
   77.518879452 -1405.710023103    7.060569288
   78.575027397 -1398.767341527    5.919215009
   79.631175342 -1392.700817519    5.579205615
   80.687323288 -1386.399765855    6.416973688
   81.743471233 -1378.720629209    8.021882581
   82.799619178 -1369.256157996    9.692139555
   83.855767123 -1358.322236843   10.624470678
   84.911915068 -1347.082881534   10.267222042
   85.968063014 -1336.948285613    8.473639642
   87.024210959 -1329.279786384    5.780175862
   88.080358904 -1324.603078428    3.011894065
   89.136506849 -1322.594424704    0.780799307
   90.192654795 -1322.466434488   -0.584680930
   91.248802740 -1323.390053531   -1.141096058
   92.304950685 -1324.610876299   -1.386666573
   93.361098630 -1326.051025616   -1.543809675
   94.417246575 -1327.711599188   -1.775934921
   95.473394521 -1329.478864670   -1.539065703
   96.529542466 -1330.506111374   -0.435647311
   97.585690411 -1329.763016030    1.770304063
   98.641838356 -1326.524750683    4.268691032
   99.697986301 -1321.034789619    5.682286661
  100.754134247 -1314.884481427    5.494742769
  101.810282192 -1309.755285182    3.864825427
  102.866430137 -1306.753307963    1.731424279
  103.922578082 -1305.852601425   -0.061947376
  104.978726027 -1306.245281695   -0.756786322
  106.034873973 -1306.888814742   -0.404515342
  107.091021918 -1306.910703488    0.131591578
  108.147169863 -1306.503590122    0.393867973
  109.203317808 -1306.149134194   -0.015911162
  110.259465753 -1306.344913567   -0.422485893
  111.315613699 -1306.681518774   -0.291598691
  112.371761644 -1306.540266539    0.509766220
  113.427909589 -1305.578802316    1.037819074
  114.484057534 -1304.571036507    0.450756429
  115.540205479 -1304.737195871   -0.982991601
  116.596353425 -1306.319732658   -2.026020754
  117.652501370 -1308.350228628   -1.683579346
  118.708649315 -1309.436420945   -0.485090920
  119.764797260 -1309.534536936   -0.096399933
  120.820945205 -1310.296844069   -1.967734722
  121.877093151 -1314.118129020   -5.483087168
  122.933241096 -1321.671400175   -8.690759251
  123.989389041 -1331.525962450   -9.650032168
  125.045536986 -1340.895857900   -7.946526862
  126.101684932 -1347.505441986   -4.583739328
  127.157832877 -1350.507135343   -1.231238706
  128.213980822 -1350.371879140    1.125700639
  129.270128767 -1348.288445444    2.585087134
  130.326276712 -1345.231479927    2.766435943
  131.382424658 -1342.770879948    1.454047917
  132.438572603 -1342.610758879   -1.483968126
  133.494720548 -1346.131234722   -5.372730381
  134.550868493 -1353.550724172   -8.558461021
  135.607016438 -1363.360727444   -9.658271105
  136.663164384 -1372.896043120   -8.225074972
  137.719312329 -1380.012607517   -5.511621499
  138.775460274 -1384.564246829   -3.521532808
  139.831608219 -1388.325663927   -4.160521517
  140.887756164 -1394.176036173   -7.293250360
  141.943904110 -1403.781804837  -10.958401648
  143.000052055 -1416.477261686  -12.798866920
  144.056200000 -1429.665472174  -11.883308561
  145.112347945 -1440.878053514   -9.297847936
  146.168495890 -1449.253758723   -6.944520678
  147.224643836 -1455.763279407   -5.628121473
  148.280791781 -1461.343094923   -5.107773512
  149.336939726 -1466.341957909   -4.491509211
  150.393087671 -1470.530380926   -3.588726659
  151.449235616 -1474.072131251   -3.488559894
  152.505383562 -1478.298021391   -5.056495930
  153.561531507 -1484.936020520   -7.630004606
  154.617679452 -1494.229927854   -9.861397623
  155.673827397 -1505.029700758  -10.506370540
  156.729975342 -1515.702407390   -9.619574003
  157.786123288 -1525.112677186   -8.444473065
  158.842271233 -1533.620220983   -7.917639313
  159.898419178 -1542.063144569   -8.428746619
  160.954567123 -1551.532628219   -9.561571402
  162.010715068 -1562.233760245  -10.919357185
  163.066863014 -1574.239614712  -11.862375666
  164.123010959 -1586.965502227  -12.253443372
  165.179158904 -1599.851856857  -12.255922438
  166.235306849 -1612.808589746  -12.380126404
  167.291454795 -1625.969039843  -12.885718831
  168.347602740 -1639.730385462  -13.269045243
  169.403750685 -1653.669089806  -13.132047234
  170.459898630 -1667.001437237  -12.130801804
  171.516046575 -1678.942387982  -10.622021290
  172.572194521 -1689.428523074   -9.476607643
  173.628342466 -1699.293500171   -9.662856701
  174.684490411 -1709.997927275  -11.042542534
  175.740638356 -1722.619356604  -12.988257569
  176.796786301 -1737.138104344  -14.560303645
  177.852934247 -1752.796876780  -15.097760349
  178.909082192 -1768.631967345  -14.991650904
  179.965230137 -1784.424003701  -15.173087574
  181.021378082 -1800.687031366  -15.861094302
  182.077526027 -1817.717765582  -16.473854900
  183.133673973 -1835.177186748  -16.631070159
  184.189821918 -1852.530687318  -16.292900343
  185.245969863 -1869.708975396  -16.591337644
  186.302117808 -1887.667241917  -17.683960678
  187.358265753 -1906.969552317  -18.973799710
  188.414413699 -1927.198588316  -19.294107498
  189.470561644 -1947.114778086  -18.324787148
  190.526709589 -1965.883192230  -17.704857799
  191.582857534 -1984.809347819  -18.636185421
  192.639005479 -2005.709657367  -21.258099925
  193.695153425 -2029.367429733  -23.485548385
  194.751301370 -2054.170429085  -23.374704901
  195.807449315 -2077.749474682  -21.280421187
  196.863597260 -2099.575731569  -20.698554234
  197.919745205 -2122.956099858  -24.453160992
  198.975893151 -2152.035838395  -30.896153577
  200.032041096 -2186.914248958  -34.346533380
  201.088189041 -2221.347508734  -29.760429969
  202.144336986 -2247.351699466  -19.646745261
  203.200484932 -2264.260759644  -14.351976979
  204.256632877 -2282.452512643  -22.828262552
  205.312780822 -2314.914129448  -38.532922652
  206.368928767 -2357.501284937  -36.704655524
  207.425076712 -2375.671571759   11.384149270
  208.481224658 -2313.376117510  114.336170602
  209.537372603 -2123.418504693  246.102649281
  210.593520548 -1800.411806699  357.684805915
  211.649668493 -1390.135690827  406.415707063
  212.705816438 -968.340917228  380.528741782
  213.761964384 -604.964411150  301.243761886
  214.818112329 -337.675938225  204.515547952
  215.874260274 -167.956473783  120.094776063
  216.930408219  -74.355014452   61.402051050
  217.986556164  -29.264866585   27.438696197
  219.042704110  -10.209203837   10.714969712
  220.098852055   -3.028441185    3.497973103
  221.155000000   -0.603158495    0.751958538
