#! FIELDS refcv.morethan file.free der_refcv.morethan
#! SET min_refcv.morethan -10.1414
#! SET max_refcv.morethan 221.155
#! SET nbins_refcv.morethan  220
#! SET periodic_refcv.morethan false
  -10.141400000   -1.225304322   -1.531858839
   -9.085252055   -4.382244318   -4.984195274
   -8.029104110  -13.797549192  -14.134570705
   -6.972956164  -38.379649536  -34.963629498
   -5.916808219  -94.678363274  -75.567450421
   -4.860660274 -207.440445556 -142.391446480
   -3.804512329 -404.059297288 -232.752998636
   -2.748364384 -701.084384128 -327.936117963
   -1.692216438 -1086.641587694 -394.119151508
   -0.636068493 -1511.094956451 -397.003554901
    0.420079452 -1898.188011805 -324.160481148
    1.476227397 -2177.092864809 -198.775695981
    2.532375342 -2316.938350243  -69.786468337
    3.588523288 -2339.821582037   16.977871784
    4.644671233 -2302.148520870   45.319600066
    5.700819178 -2258.838049029   32.526954724
    6.756967123 -2236.779000417   10.125620996
    7.813115068 -2232.892849098    0.114883818
    8.869263014 -2231.246216122    4.881905312
    9.925410959 -2221.044113542   14.364481904
   10.981558904 -2202.719806134   19.233173221
   12.037706849 -2182.774109384   17.802141092
   13.093854795 -2165.606950871   13.711112899
   14.150002740 -2151.868798945   12.395189712
   15.206150685 -2137.862793350   14.490726921
   16.262298630 -2120.576107255   18.125186330
   17.318446575 -2099.789214500   20.828477825
   18.374594521 -2077.442089071   20.802606231
   19.430742466 -2056.345004430   18.619399433
   20.486890411 -2037.774768950   16.339767618
   21.543038356 -2020.830337241   15.838916511
   22.599186301 -2003.531865218   16.880164768
   23.655334247 -1984.969366690   17.896296942
   24.711482192 -1965.808736202   18.124695688
   25.767630137 -1946.511088189   18.257394030
   26.823778082 -1926.549497948   19.550218394
   27.879926027 -1904.506799467   22.121482898
   28.936073973 -1879.592077956   24.587579412
   29.992221918 -1852.795984802   25.602869737
   31.048369863 -1825.912993903   24.806268540
   32.104517808 -1800.612538207   22.885139360
   33.160665753 -1777.466675557   20.691125360
   34.216813699 -1756.396663161   19.031066325
   35.272961644 -1736.782390547   18.000603406
   36.329109589 -1717.954660535   17.556881373
   37.385257534 -1699.403278816   17.284066211
   38.441405479 -1681.200681644   16.966212731
   39.497553425 -1663.337874549   16.645715762
   40.553701370 -1645.587115522   16.856000894
   41.609849315 -1627.256057281   17.621530557
   42.665997260 -1608.189180441   18.127408737
   43.722145205 -1589.373514305   17.045694812
   44.778293151 -1572.638176141   14.128151416
   45.834441096 -1559.197027804   11.169195115
   46.890589041 -1548.096777640   10.183681921
   47.946736986 -1536.748402856   11.457095832
   49.002884932 -1523.520233173   13.207159858
   50.059032877 -1509.297585180   13.213072949
   51.115180822 -1496.285168070   11.008722905
   52.171328767 -1485.870329321    8.783372342
   53.227476712 -1476.680337844    9.007993684
   54.283624658 -1465.664813909   11.860601419
   55.339772603 -1451.313697308   14.913620252
   56.395920548 -1435.089176365   15.039676429
   57.452068493 -1420.644900687   11.635130262
   58.508216438 -1410.683037773    7.230203488
   59.564364384 -1404.567995594    4.520329581
   60.620512329 -1399.681809881    4.888089108
   61.676660274 -1393.468077006    6.750555501
   62.732808219 -1385.572252712    7.782681123
   63.788956164 -1377.489049713    7.188579395
   64.845104110 -1370.362966671    6.168993399
   65.901252055 -1363.640890400    6.705316373
   66.957400000 -1355.302368393    9.142506433
   68.013547945 -1344.036518541   11.920071982
   69.069695890 -1330.500626603   13.087148394
   70.125843836 -1317.059038025   11.942947729
   71.181991781 -1305.623338869    9.434496490
   72.238139726 -1296.633771013    7.747384111
   73.294287671 -1288.475386303    7.841211984
   74.350435616 -1279.548582556    8.804700455
   75.406583562 -1270.039113517    8.793589663
   76.462731507 -1261.691150298    6.586683354
   77.518879452 -1256.414101994    3.152317625
   78.575027397 -1254.272313437    1.103835100
   79.631175342 -1252.719568624    2.256050760
   80.687323288 -1248.240925732    6.509749551
   81.743471233 -1238.465263400   11.774338330
   82.799619178 -1223.709066553   15.627323099
   83.855767123 -1206.369149833   16.486324942
   84.911915068 -1189.735477559   14.492583416
   85.968063014 -1176.080973864   11.088833957
   87.024210959 -1165.919155600    8.188582013
   88.080358904 -1158.008336142    7.011140982
   89.136506849 -1150.514344729    7.228510855
   90.192654795 -1142.526258890    7.639829700
   91.248802740 -1134.638342929    6.950417742
   92.304950685 -1128.340763042    4.454153312
   93.361098630 -1125.412658099    0.822198636
   94.417246575 -1126.343680519   -2.593172919
   95.473394521 -1130.032485357   -4.055747040
   96.529542466 -1133.895629870   -3.036494235
   97.585690411 -1135.592963772   -0.194133192
   98.641838356 -1134.218186768    2.601817053
   99.697986301 -1130.617847076    3.734589518
  100.754134247 -1126.704628556    3.297757826
  101.810282192 -1123.692779374    2.223666996
  102.866430137 -1121.740487612    1.519623395
  103.922578082 -1120.231550460    1.260676026
  104.978726027 -1118.748272668    1.324222928
  106.034873973 -1117.321875772    1.273112709
  107.091021918 -1116.213666069    0.543471345
  108.147169863 -1116.140849031   -0.594733490
  109.203317808 -1117.323118768   -1.776665807
  110.259465753 -1119.393619532   -2.035905655
  111.315613699 -1121.035713205   -1.021208578
  112.371761644 -1121.141535847    0.812760905
  113.427909589 -1119.458178048    2.011818075
  114.484057534 -1117.306855407    1.550215756
  115.540205479 -1116.533658257   -0.358625909
  116.596353425 -1118.008474105   -2.516649232
  117.652501370 -1121.366916236   -3.763559469
  118.708649315 -1125.497563873   -4.059745537
  119.764797260 -1129.763874595   -4.135273493
  120.820945205 -1134.254043977   -4.631815973
  121.877093151 -1139.369804999   -5.023194906
  122.933241096 -1144.520292459   -4.651207673
  123.989389041 -1148.756928435   -3.424769495
  125.045536986 -1151.563242580   -2.202742253
  126.101684932 -1153.540312706   -1.849620346
  127.157832877 -1155.830990903   -2.613518235
  128.213980822 -1159.135831033   -3.781889157
  129.270128767 -1163.449383425   -4.363155748
  130.326276712 -1168.224957175   -4.877460801
  131.382424658 -1173.929236998   -6.281834273
  132.438572603 -1181.882852534   -9.075643245
  133.494720548 -1193.256487433  -12.586825199
  134.550868493 -1207.965956757  -15.095852374
  135.607016438 -1224.203679785  -15.222856126
  136.663164384 -1239.055723246  -12.721138586
  137.719312329 -1250.330655132   -8.842346994
  138.775460274 -1257.757962824   -5.546831531
  139.831608219 -1262.873737209   -4.621106144
  140.887756164 -1268.246799252   -5.880305735
  141.943904110 -1275.282651758   -7.477988847
  143.000052055 -1283.302699175   -7.494250344
  144.056200000 -1290.290944070   -5.612474869
  145.112347945 -1295.046272786   -3.630794752
  146.168495890 -1298.603881122   -3.803743584
  147.224643836 -1303.883210701   -6.632274587
  148.280791781 -1313.017253955  -10.762097887
  149.336939726 -1326.075764588  -13.794622394
  150.393087671 -1341.052729057  -14.246156949
  151.449235616 -1355.377931524  -12.833481779
  152.505383562 -1367.850287609  -11.081367275
  153.561531507 -1378.752750980   -9.657613904
  154.617679452 -1388.349805312   -8.617755927
  155.673827397 -1396.814067463   -7.651526298
  156.729975342 -1404.493421909   -7.104458220
  157.786123288 -1412.144105450   -7.784445609
  158.842271233 -1421.236583007   -9.667812151
  159.898419178 -1432.617986523  -12.054129795
  160.954567123 -1446.392816560  -13.811069470
  162.010715068 -1461.300783504  -14.410025388
  163.066863014 -1476.114490784  -13.558316521
  164.123010959 -1489.459490668  -11.692957741
  165.179158904 -1500.632443150   -9.657013169
  166.235306849 -1510.107327107   -8.528581091
  167.291454795 -1519.024853176   -8.873696545
  168.347602740 -1528.905322592  -10.061592994
  169.403750685 -1540.120616225  -11.194839753
  170.459898630 -1552.070778360  -11.379722792
  171.516046575 -1563.660852123  -10.605087775
  172.572194521 -1574.292804267   -9.690910385
  173.628342466 -1584.342157703   -9.739395687
  174.684490411 -1594.979640383  -10.833386504
  175.740638356 -1607.226719560  -12.490624193
  176.796786301 -1621.117077426  -13.883121278
  177.852934247 -1636.031700590  -14.395564766
  178.909082192 -1651.190354761  -14.430964755
  179.965230137 -1666.549584209  -14.908069246
  181.021378082 -1682.723726401  -15.940168294
  182.077526027 -1699.930269185  -16.652284430
  183.133673973 -1717.389285782  -16.314340251
  184.189821918 -1733.843784996  -14.792050408
  185.245969863 -1748.631169953  -13.559290395
  186.302117808 -1762.718170230  -13.488376038
  187.358265753 -1777.406976491  -14.633721050
  188.414413699 -1793.452249313  -15.846701927
  189.470561644 -1810.441575416  -16.201613132
  190.526709589 -1827.510858984  -16.461975713
  191.582857534 -1845.147489758  -17.239229549
  192.639005479 -1864.043255029  -18.711988014
  193.695153425 -1884.162826716  -19.266725408
  194.751301370 -1903.630370366  -17.498901635
  195.807449315 -1920.284413080  -14.111023021
  196.863597260 -1934.076270291  -12.737743694
  197.919745205 -1948.904756494  -16.323832144
  198.975893151 -1969.693872138  -23.486963844
  200.032041096 -1997.734769875  -29.089830160
  201.088189041 -2028.671450134  -28.773515197
  202.144336986 -2057.007072288  -25.421208284
  203.200484932 -2084.461357476  -28.711206779
  204.256632877 -2122.410874021  -45.644416475
  205.312780822 -2182.387919221  -67.161296516
  206.368928767 -2256.398502270  -66.770928638
  207.425076712 -2305.095222095  -15.682934313
  208.481224658 -2268.451676196   93.137397032
  209.537372603 -2097.378117422  231.525053611
  210.593520548 -1786.645613247  348.797900415
  211.649668493 -1383.481640490  401.575530535
  212.705816438 -965.389516476  378.153947923
  213.761964384 -603.757789840  300.183919607
  214.818112329 -337.230633873  204.096239035
  215.874260274 -167.813198149  119.953318933
  216.930408219  -74.314459400   61.360500909
  217.986556164  -29.253822555   27.426686825
  219.042704110  -10.205911964   10.711003802
  220.098852055   -3.028441185    3.497973103
  221.155000000   -0.603158495    0.751958538
