#! FIELDS es hh dhh_es
#! SET normalisation  200.000000
#! SET min_es -0.5
#! SET max_es 2
#! SET nbins_es  1000
#! SET periodic_es false
 -0.500000 0.000000 0.000000
 -0.497500 0.000000 0.000000
 -0.495000 0.000000 0.000000
 -0.492500 0.000000 0.000000
 -0.490000 0.000000 0.000000
 -0.487500 0.000000 0.000000
 -0.485000 0.000000 0.000000
 -0.482500 0.000000 0.000000
 -0.480000 0.000000 0.000000
 -0.477500 0.000000 0.000000
 -0.475000 0.000000 0.000000
 -0.472500 0.000000 0.000000
 -0.470000 0.000000 0.000000
 -0.467500 0.000000 0.000000
 -0.465000 0.000000 0.000000
 -0.462500 0.000000 0.000000
 -0.460000 0.000000 0.000000
 -0.457500 0.000000 0.000000
 -0.455000 0.000000 0.000000
 -0.452500 0.000000 0.000000
 -0.450000 0.000000 0.000000
 -0.447500 0.000000 0.000000
 -0.445000 0.000000 0.000000
 -0.442500 0.000000 0.000000
 -0.440000 0.000000 0.000000
 -0.437500 0.000000 0.000000
 -0.435000 0.000000 0.000000
 -0.432500 0.000000 0.000000
 -0.430000 0.000000 0.000000
 -0.427500 0.000000 0.000000
 -0.425000 0.000000 0.000000
 -0.422500 0.000000 0.000000
 -0.420000 0.000000 0.000000
 -0.417500 0.000000 0.000000
 -0.415000 0.000000 0.000000
 -0.412500 0.000000 0.000000
 -0.410000 0.000000 0.000000
 -0.407500 0.000000 0.000000
 -0.405000 0.000000 0.000000
 -0.402500 0.000000 0.000000
 -0.400000 0.000000 0.000000
 -0.397500 0.000000 0.000000
 -0.395000 0.000000 0.000000
 -0.392500 0.000000 0.000000
 -0.390000 0.000000 0.000000
 -0.387500 0.000000 0.000000
 -0.385000 0.000000 0.000000
 -0.382500 0.000000 0.000000
 -0.380000 0.000000 0.000000
 -0.377500 0.000000 0.000000
 -0.375000 0.000000 0.000000
 -0.372500 0.000000 0.000000
 -0.370000 0.000000 0.000000
 -0.367500 0.000000 0.000000
 -0.365000 0.000000 0.000000
 -0.362500 0.000000 0.000000
 -0.360000 0.000000 0.000000
 -0.357500 0.000000 0.000000
 -0.355000 0.000000 0.000000
 -0.352500 0.000000 0.000000
 -0.350000 0.000000 0.000000
 -0.347500 0.000000 0.000000
 -0.345000 0.000000 0.000000
 -0.342500 0.000000 0.000000
 -0.340000 0.000000 0.000000
 -0.337500 0.000000 0.000000
 -0.335000 0.000000 0.000000
 -0.332500 0.000000 0.000000
 -0.330000 0.000000 0.000000
 -0.327500 0.000000 0.000000
 -0.325000 0.000000 0.000000
 -0.322500 0.000000 0.000000
 -0.320000 0.000000 0.000000
 -0.317500 0.000000 0.000000
 -0.315000 0.000000 0.000000
 -0.312500 0.000000 0.000000
 -0.310000 0.000000 0.000000
 -0.307500 0.000000 0.000000
 -0.305000 0.000000 0.000000
 -0.302500 0.000000 0.000000
 -0.300000 0.000000 0.000000
 -0.297500 0.000000 0.000000
 -0.295000 0.000000 0.000000
 -0.292500 0.000000 0.000000
 -0.290000 0.000000 0.000000
 -0.287500 0.000000 0.000000
 -0.285000 0.000000 0.000000
 -0.282500 0.000000 0.000000
 -0.280000 0.000000 0.000000
 -0.277500 0.000000 0.000000
 -0.275000 0.000000 0.000000
 -0.272500 0.000000 0.000000
 -0.270000 0.000000 0.000000
 -0.267500 0.000000 0.000000
 -0.265000 0.000000 0.000000
 -0.262500 0.000000 0.000000
 -0.260000 0.000000 0.000000
 -0.257500 0.000000 0.000000
 -0.255000 0.000000 0.000000
 -0.252500 0.000000 0.000000
 -0.250000 0.000000 0.000000
 -0.247500 0.000000 0.000000
 -0.245000 0.000000 0.000000
 -0.242500 0.000000 0.000000
 -0.240000 0.000000 0.000000
 -0.237500 0.000000 0.000000
 -0.235000 0.000000 0.000000
 -0.232500 0.000000 0.000000
 -0.230000 0.000000 0.000000
 -0.227500 0.000000 0.000000
 -0.225000 0.000000 0.000000
 -0.222500 0.000000 0.000000
 -0.220000 0.000000 0.000000
 -0.217500 0.000000 0.000000
 -0.215000 0.000000 0.000000
 -0.212500 0.000000 0.000000
 -0.210000 0.000000 0.000000
 -0.207500 0.000000 0.000000
 -0.205000 0.000000 0.000000
 -0.202500 0.000000 0.000000
 -0.200000 0.000000 0.000000
 -0.197500 0.000000 0.000000
 -0.195000 0.000000 0.000000
 -0.192500 0.000000 0.000000
 -0.190000 0.000000 0.000000
 -0.187500 0.000000 0.000000
 -0.185000 0.000000 0.000000
 -0.182500 0.000000 0.000000
 -0.180000 0.000000 0.000000
 -0.177500 0.000000 0.000000
 -0.175000 0.000000 0.000000
 -0.172500 0.000000 0.000000
 -0.170000 0.000000 0.000000
 -0.167500 0.000000 0.000000
 -0.165000 0.000000 0.000000
 -0.162500 0.000000 0.000000
 -0.160000 0.000000 0.000000
 -0.157500 0.000000 0.000000
 -0.155000 0.000000 0.000000
 -0.152500 0.000000 0.000000
 -0.150000 0.000000 0.000000
 -0.147500 0.000000 0.000000
 -0.145000 0.000000 0.000000
 -0.142500 0.000000 0.000000
 -0.140000 0.000000 0.000000
 -0.137500 0.000000 0.000000
 -0.135000 0.000000 0.000000
 -0.132500 0.000000 0.000000
 -0.130000 0.000000 0.000000
 -0.127500 0.000000 0.000000
 -0.125000 0.000000 0.000000
 -0.122500 0.000000 0.000000
 -0.120000 0.000000 0.000000
 -0.117500 0.000000 0.000000
 -0.115000 0.000000 0.000000
 -0.112500 0.000000 0.000000
 -0.110000 0.000000 0.000000
 -0.107500 0.000000 0.000000
 -0.105000 0.000000 0.000000
 -0.102500 0.000000 0.000000
 -0.100000 0.000000 0.000000
 -0.097500 0.000000 0.000000
 -0.095000 0.000000 0.000000
 -0.092500 0.000000 0.000000
 -0.090000 0.000000 0.000000
 -0.087500 0.000000 0.000000
 -0.085000 0.000000 0.000000
 -0.082500 0.000000 0.000000
 -0.080000 0.000000 0.000000
 -0.077500 0.000000 0.000000
 -0.075000 0.000000 0.000000
 -0.072500 0.000000 0.000000
 -0.070000 0.000000 0.000000
 -0.067500 0.000000 0.000000
 -0.065000 0.000000 0.000000
 -0.062500 0.000000 0.000000
 -0.060000 0.000000 0.000000
 -0.057500 0.000000 0.000000
 -0.055000 0.000000 0.000000
 -0.052500 0.000000 0.000000
 -0.050000 0.000000 0.000000
 -0.047500 0.000000 0.000000
 -0.045000 0.000000 0.000000
 -0.042500 0.000000 0.000000
 -0.040000 0.000000 0.000000
 -0.037500 0.000000 0.000000
 -0.035000 0.000000 0.000000
 -0.032500 0.000000 0.000000
 -0.030000 0.000000 0.000000
 -0.027500 0.000000 0.000000
 -0.025000 0.000000 0.000000
 -0.022500 0.000000 0.000000
 -0.020000 0.000000 0.000000
 -0.017500 0.000000 0.000000
 -0.015000 0.000000 0.000000
 -0.012500 0.000000 0.000000
 -0.010000 0.000000 0.000000
 -0.007500 0.000000 0.000000
 -0.005000 0.000000 0.000000
 -0.002500 0.000000 0.000000
 0.000000 0.000000 0.000000
 0.002500 0.000000 0.000000
 0.005000 0.000000 0.000000
 0.007500 0.000000 0.000000
 0.010000 0.000000 0.000000
 0.012500 0.000000 0.000000
 0.015000 0.000000 0.000000
 0.017500 0.000000 0.000000
 0.020000 0.000000 0.000000
 0.022500 0.000000 0.000000
 0.025000 0.000000 0.000000
 0.027500 0.000000 0.000000
 0.030000 0.000000 0.000000
 0.032500 0.000000 0.000000
 0.035000 0.000000 0.000000
 0.037500 0.000000 0.000000
 0.040000 0.000000 0.000000
 0.042500 0.000000 0.000000
 0.045000 0.000000 0.000000
 0.047500 0.000000 0.000000
 0.050000 0.000000 0.000000
 0.052500 0.000000 0.000000
 0.055000 0.000000 0.000000
 0.057500 0.000000 0.000000
 0.060000 0.000000 0.000000
 0.062500 0.000000 0.000000
 0.065000 0.000000 0.000000
 0.067500 0.000000 0.000000
 0.070000 0.000000 0.000000
 0.072500 0.000000 0.000000
 0.075000 0.000000 0.000000
 0.077500 0.000000 0.000000
 0.080000 0.000000 0.000000
 0.082500 0.000000 0.000000
 0.085000 0.000000 0.000000
 0.087500 0.000000 0.000000
 0.090000 0.000000 0.000000
 0.092500 0.000000 0.000000
 0.095000 0.000000 0.000000
 0.097500 0.000000 0.000000
 0.100000 0.000000 0.000000
 0.102500 0.000000 0.000000
 0.105000 0.000000 0.000000
 0.107500 0.000000 0.000000
 0.110000 0.000000 0.000000
 0.112500 0.000000 0.000000
 0.115000 0.000000 0.000000
 0.117500 0.000000 0.000000
 0.120000 0.000000 0.000000
 0.122500 0.000000 0.000000
 0.125000 0.000000 0.000000
 0.127500 0.000000 0.000000
 0.130000 0.000000 0.000000
 0.132500 0.000000 0.000000
 0.135000 0.000000 0.000000
 0.137500 0.000000 0.000000
 0.140000 0.000000 0.000000
 0.142500 0.000000 0.000000
 0.145000 0.000000 0.000000
 0.147500 0.000000 0.000000
 0.150000 0.000000 0.000000
 0.152500 0.000000 0.000000
 0.155000 0.000000 0.000000
 0.157500 0.000000 0.000000
 0.160000 0.000000 0.000000
 0.162500 0.000000 0.000000
 0.165000 0.000000 0.000000
 0.167500 0.000000 0.000000
 0.170000 0.000000 0.000000
 0.172500 0.000000 0.000000
 0.175000 0.000000 0.000000
 0.177500 0.000000 0.000000
 0.180000 0.000000 0.000000
 0.182500 0.000000 0.000000
 0.185000 0.000000 0.000000
 0.187500 0.000000 0.000000
 0.190000 0.000000 0.000000
 0.192500 0.000000 0.000000
 0.195000 0.000000 0.000000
 0.197500 0.000000 0.000000
 0.200000 0.000000 0.000000
 0.202500 0.000000 0.000000
 0.205000 0.000000 0.000000
 0.207500 0.000000 0.000000
 0.210000 0.000000 0.000000
 0.212500 0.000000 0.000000
 0.215000 0.000000 0.000000
 0.217500 0.000000 0.000000
 0.220000 0.000000 0.000000
 0.222500 0.000000 0.000000
 0.225000 0.000000 0.000000
 0.227500 0.000000 0.000000
 0.230000 0.000000 0.000000
 0.232500 0.000000 0.000000
 0.235000 0.000000 0.000000
 0.237500 0.000000 0.000000
 0.240000 0.000000 0.000000
 0.242500 0.000000 0.000000
 0.245000 0.000000 0.000000
 0.247500 0.000000 0.000000
 0.250000 0.000000 0.000000
 0.252500 0.000000 0.000000
 0.255000 0.000000 0.000000
 0.257500 0.000000 0.000000
 0.260000 0.000000 0.000000
 0.262500 0.000000 0.000000
 0.265000 0.000000 0.000000
 0.267500 0.000000 0.000000
 0.270000 0.000000 0.000000
 0.272500 0.000000 0.000000
 0.275000 0.000000 0.000000
 0.277500 0.000000 0.000000
 0.280000 0.000000 0.000000
 0.282500 0.000000 0.000000
 0.285000 0.000000 0.000000
 0.287500 0.000000 0.000000
 0.290000 0.000000 0.000000
 0.292500 0.000000 0.000000
 0.295000 0.000000 0.000000
 0.297500 0.000000 0.000000
 0.300000 0.000000 0.000000
 0.302500 0.000000 0.000000
 0.305000 0.000000 0.000000
 0.307500 0.000000 0.000000
 0.310000 0.000000 0.000000
 0.312500 0.000000 0.000000
 0.315000 0.000000 0.000000
 0.317500 0.000000 0.000000
 0.320000 0.000000 0.000000
 0.322500 0.000000 0.000000
 0.325000 0.000000 0.000000
 0.327500 0.000000 0.000000
 0.330000 0.000000 0.000000
 0.332500 0.000000 0.000000
 0.335000 0.000000 0.000000
 0.337500 0.000000 0.000000
 0.340000 0.000000 0.000000
 0.342500 0.000000 0.000000
 0.345000 0.000000 0.000000
 0.347500 0.000000 0.000000
 0.350000 0.000000 0.000000
 0.352500 0.000000 0.000000
 0.355000 0.000000 0.000000
 0.357500 0.000000 0.000000
 0.360000 0.000000 0.000000
 0.362500 0.000000 0.000000
 0.365000 0.000000 0.000000
 0.367500 0.000000 0.000000
 0.370000 0.000000 0.000000
 0.372500 0.000000 0.000000
 0.375000 0.000000 0.000000
 0.377500 0.000000 0.000000
 0.380000 0.000000 0.000000
 0.382500 0.000000 0.000000
 0.385000 0.000000 0.000000
 0.387500 0.000000 0.000000
 0.390000 0.000000 0.000000
 0.392500 0.000000 0.000000
 0.395000 0.000000 0.000000
 0.397500 0.000000 0.000000
 0.400000 0.000000 0.000000
 0.402500 0.000000 0.000000
 0.405000 0.000000 0.000000
 0.407500 0.000000 0.000000
 0.410000 0.000000 0.000000
 0.412500 0.000000 0.000000
 0.415000 0.000000 0.000000
 0.417500 0.000000 0.000000
 0.420000 0.000000 0.000000
 0.422500 0.000000 0.000000
 0.425000 0.000000 0.000000
 0.427500 0.000000 0.000000
 0.430000 0.000000 0.000000
 0.432500 0.000000 0.000000
 0.435000 0.000000 0.000000
 0.437500 0.000000 0.000000
 0.440000 0.000000 0.000000
 0.442500 0.000000 0.000000
 0.445000 0.000000 0.000000
 0.447500 0.000000 0.000000
 0.450000 0.000000 0.000000
 0.452500 0.000000 0.000000
 0.455000 0.000000 0.000000
 0.457500 0.000000 0.000000
 0.460000 0.000000 0.000000
 0.462500 0.000000 0.000000
 0.465000 0.000000 0.000000
 0.467500 0.000000 0.000000
 0.470000 0.000000 0.000000
 0.472500 0.000000 0.000000
 0.475000 0.000000 0.000000
 0.477500 0.000000 0.000000
 0.480000 0.000000 0.000000
 0.482500 0.000000 0.000000
 0.485000 0.000000 0.000000
 0.487500 0.000000 0.000000
 0.490000 0.000000 0.000000
 0.492500 0.000000 0.000000
 0.495000 0.000000 0.000000
 0.497500 0.000000 0.000000
 0.500000 0.000000 0.000000
 0.502500 0.000000 0.000000
 0.505000 0.000000 0.000000
 0.507500 0.000000 0.000000
 0.510000 0.000000 0.000000
 0.512500 0.000000 0.000000
 0.515000 0.000000 0.000000
 0.517500 0.000000 0.000000
 0.520000 0.000000 0.000000
 0.522500 0.000000 0.000000
 0.525000 0.000000 0.000000
 0.527500 0.000000 0.000000
 0.530000 0.000000 0.000000
 0.532500 0.000000 0.000000
 0.535000 0.000000 0.000000
 0.537500 0.000000 0.000000
 0.540000 0.000000 0.000000
 0.542500 0.000000 0.000000
 0.545000 0.000000 0.000000
 0.547500 0.000000 0.000000
 0.550000 0.000000 0.000000
 0.552500 0.000000 0.000000
 0.555000 0.000000 0.000000
 0.557500 0.000000 0.000000
 0.560000 0.000000 0.000000
 0.562500 0.000000 0.000000
 0.565000 0.000000 0.000000
 0.567500 0.000000 0.000000
 0.570000 0.000000 0.000000
 0.572500 0.000000 0.000000
 0.575000 0.000000 0.000000
 0.577500 0.000000 0.000000
 0.580000 0.000000 0.000000
 0.582500 0.000000 0.000000
 0.585000 0.000000 0.000000
 0.587500 0.000000 0.000000
 0.590000 0.000000 0.000000
 0.592500 0.000000 0.000000
 0.595000 0.000000 0.000000
 0.597500 0.000000 0.000000
 0.600000 0.000000 0.000000
 0.602500 0.000000 0.000000
 0.605000 0.000000 0.000000
 0.607500 0.000000 0.000000
 0.610000 0.000000 0.000000
 0.612500 0.000000 0.000000
 0.615000 0.000000 0.000000
 0.617500 0.000000 0.000000
 0.620000 0.000000 0.000000
 0.622500 0.000000 0.000000
 0.625000 0.000000 0.000000
 0.627500 0.000000 0.000000
 0.630000 0.000000 0.000000
 0.632500 0.000000 0.000000
 0.635000 0.000000 0.000000
 0.637500 0.000000 0.000000
 0.640000 0.000000 0.000000
 0.642500 0.000000 0.000000
 0.645000 0.000000 0.000000
 0.647500 0.000000 0.000000
 0.650000 0.000000 0.000000
 0.652500 0.000000 0.000000
 0.655000 0.000000 0.000000
 0.657500 0.000000 0.000000
 0.660000 0.000000 0.000000
 0.662500 0.000000 0.000000
 0.665000 0.000000 0.000000
 0.667500 0.000000 0.000000
 0.670000 0.000000 0.000000
 0.672500 0.000000 0.000000
 0.675000 0.000000 0.000000
 0.677500 0.000000 0.000000
 0.680000 0.000000 0.000000
 0.682500 0.000000 0.000000
 0.685000 0.000000 0.000000
 0.687500 0.000000 0.000000
 0.690000 0.000000 0.000000
 0.692500 0.000000 0.000000
 0.695000 0.000000 0.000000
 0.697500 0.000000 0.000000
 0.700000 0.000000 0.000000
 0.702500 0.000000 0.000000
 0.705000 0.000000 0.000000
 0.707500 0.000000 0.000000
 0.710000 0.000000 0.000000
 0.712500 0.000000 0.000000
 0.715000 0.000000 0.000000
 0.717500 0.000000 0.000000
 0.720000 0.000000 0.000000
 0.722500 0.000000 0.000000
 0.725000 0.000000 0.000000
 0.727500 0.000000 0.000000
 0.730000 0.000000 0.000000
 0.732500 0.000000 0.000000
 0.735000 0.000000 0.000000
 0.737500 0.000000 0.000000
 0.740000 0.000000 0.000000
 0.742500 0.000000 0.000000
 0.745000 0.000000 0.000000
 0.747500 0.000000 0.000000
 0.750000 0.000000 0.000000
 0.752500 0.000000 0.000000
 0.755000 0.000000 0.000000
 0.757500 0.000000 0.000000
 0.760000 0.000000 0.000000
 0.762500 0.000000 0.000000
 0.765000 0.000000 0.000000
 0.767500 0.000000 0.000000
 0.770000 0.000000 0.000000
 0.772500 0.000000 0.000000
 0.775000 0.000000 0.000000
 0.777500 0.000000 0.000000
 0.780000 0.000000 0.000000
 0.782500 0.000000 0.000000
 0.785000 0.000000 0.000000
 0.787500 0.000000 0.000000
 0.790000 0.000000 0.000000
 0.792500 0.000000 0.000000
 0.795000 0.000000 0.000000
 0.797500 0.000000 0.000000
 0.800000 0.000000 0.000000
 0.802500 0.000000 0.000000
 0.805000 0.000000 0.000000
 0.807500 0.000000 0.000000
 0.810000 0.000000 0.000000
 0.812500 0.000000 0.000000
 0.815000 0.000000 0.000000
 0.817500 0.000000 0.000000
 0.820000 0.000000 0.000000
 0.822500 0.000000 0.000000
 0.825000 0.000000 0.000000
 0.827500 0.000000 0.000000
 0.830000 0.000000 0.000000
 0.832500 0.000000 0.000000
 0.835000 0.000000 0.000000
 0.837500 0.000000 0.000000
 0.840000 0.000000 0.000000
 0.842500 0.000000 0.000000
 0.845000 0.000000 0.000000
 0.847500 0.000000 0.000000
 0.850000 0.000000 0.000000
 0.852500 0.000000 0.000000
 0.855000 0.000000 0.000000
 0.857500 0.000000 0.000000
 0.860000 0.000000 0.000000
 0.862500 0.000000 0.000000
 0.865000 0.000000 0.000000
 0.867500 0.000000 0.000000
 0.870000 0.000000 0.000000
 0.872500 0.000000 0.000000
 0.875000 0.000000 0.000000
 0.877500 0.000000 0.000000
 0.880000 0.000000 0.000000
 0.882500 0.000000 0.000000
 0.885000 0.000000 0.000000
 0.887500 0.000000 0.000000
 0.890000 0.000000 0.000000
 0.892500 0.000000 0.000000
 0.895000 0.000000 0.000000
 0.897500 0.000000 0.000000
 0.900000 0.000000 0.000000
 0.902500 0.000000 0.000000
 0.905000 0.000000 0.000000
 0.907500 0.000000 0.000000
 0.910000 0.000000 0.000000
 0.912500 0.000000 0.000000
 0.915000 0.000000 0.000000
 0.917500 0.000000 0.000000
 0.920000 0.000000 0.000000
 0.922500 0.000000 0.000000
 0.925000 0.000000 0.000000
 0.927500 0.000000 0.000000
 0.930000 0.000000 0.000000
 0.932500 0.000000 0.000000
 0.935000 0.000000 0.000000
 0.937500 0.000000 0.000000
 0.940000 0.000000 0.000000
 0.942500 0.000000 0.000000
 0.945000 0.000000 0.000000
 0.947500 0.000000 0.000172
 0.950000 0.000002 0.000894
 0.952500 0.000006 0.002063
 0.955000 0.000014 0.004448
 0.957500 0.000031 0.009238
 0.960000 0.000063 0.017497
 0.962500 0.000122 0.030949
 0.965000 0.000225 0.051748
 0.967500 0.000389 0.080503
 0.970000 0.000635 0.116928
 0.972500 0.000979 0.158813
 0.975000 0.001433 0.202952
 0.977500 0.001995 0.244709
 0.980000 0.002656 0.281801
 0.982500 0.003405 0.315013
 0.985000 0.004234 0.349196
 0.987500 0.005161 0.394222
 0.990000 0.006226 0.460701
 0.992500 0.007492 0.556406
 0.995000 0.009039 0.683334
 0.997500 0.010939 0.835460
 1.000000 0.013236 0.999467
 1.002500 0.015944 1.160615
 1.005000 0.019037 1.306839
 1.007500 0.022476 1.436268
 1.010000 0.026226 1.559608
 1.012500 0.030309 1.705513
 1.015000 0.034823 1.911814
 1.017500 0.039975 2.221084
 1.020000 0.046066 2.665517
 1.022500 0.053447 3.252944
 1.025000 0.062474 3.970450
 1.027500 0.073418 4.776504
 1.030000 0.086433 5.622183
 1.032500 0.101594 6.484759
 1.035000 0.118946 7.373317
 1.037500 0.138603 8.335748
 1.040000 0.160859 9.459106
 1.042500 0.186225 10.840685
 1.045000 0.215479 12.578846
 1.047500 0.249623 14.762948
 1.050000 0.289893 17.476036
 1.052500 0.337699 20.790966
 1.055000 0.394617 24.766115
 1.057500 0.462381 29.455825
 1.060000 0.542806 34.887477
 1.062500 0.637755 41.065275
 1.065000 0.749122 47.998120
 1.067500 0.878787 55.689045
 1.070000 1.028690 64.176559
 1.072500 1.200874 73.527329
 1.075000 1.397692 83.868501
 1.077500 1.621760 95.314202
 1.080000 1.875947 107.948642
 1.082500 2.163237 121.770450
 1.085000 2.486550 136.716055
 1.087500 2.848490 152.629633
 1.090000 3.251296 169.364693
 1.092500 3.696846 186.788907
 1.095000 4.186754 204.828198
 1.097500 4.722472 223.407117
 1.100000 5.305160 242.371340
 1.102500 5.935488 261.451137
 1.105000 6.613063 280.092431
 1.107500 7.335967 297.549669
 1.110000 8.099943 312.816297
 1.112500 8.898140 324.747639
 1.115000 9.720648 332.084524
 1.117500 10.554419 333.624623
 1.120000 11.383561 328.259457
 1.122500 12.189679 315.142501
 1.125000 12.952661 293.734598
 1.127500 13.651490 263.891633
 1.130000 14.265304 225.875504
 1.132500 14.774400 180.320964
 1.135000 15.161138 128.241557
 1.137500 15.410719 70.895843
 1.140000 15.511836 9.757731
 1.142500 15.456990 -53.472142
 1.145000 15.243245 -116.998548
 1.147500 14.872261 -178.847516
 1.150000 14.350836 -236.982887
 1.152500 13.690736 -289.360099
 1.155000 12.908742 -334.149434
 1.157500 12.025781 -369.828851
 1.160000 11.066052 -395.379856
 1.162500 10.055599 -410.288408
 1.165000 9.021071 -414.620029
 1.167500 7.988303 -408.945874
 1.170000 6.981159 -394.294505
 1.172500 6.020403 -372.023465
 1.175000 5.123104 -343.798775
 1.177500 4.301952 -311.426811
 1.180000 3.564974 -276.703023
 1.182500 2.915965 -241.395994
 1.185000 2.354386 -206.918741
 1.187500 1.876757 -174.497621
 1.190000 1.476835 -144.878989
 1.192500 1.147017 -118.530041
 1.195000 0.878887 -95.594776
 1.197500 0.663995 -76.014847
 1.200000 0.494207 -59.568330
 1.202500 0.362017 -45.949997
 1.205000 0.260762 -34.850310
 1.207500 0.184556 -25.953375
 1.210000 0.128277 -18.950710
 1.212500 0.087527 -13.546008
 1.215000 0.058658 -9.483488
 1.217500 0.038611 -6.499598
 1.220000 0.024979 -4.369329
 1.222500 0.015869 -2.881098
 1.225000 0.009891 -1.866423
 1.227500 0.006031 -1.186232
 1.230000 0.003599 -0.743542
 1.232500 0.002081 -0.453544
 1.235000 0.001156 -0.265789
 1.237500 0.000622 -0.152644
 1.240000 0.000318 -0.083171
 1.242500 0.000154 -0.042706
 1.245000 0.000072 -0.021333
 1.247500 0.000031 -0.009985
 1.250000 0.000013 -0.004426
 1.252500 0.000004 -0.001437
 1.255000 0.000000 0.000000
 1.257500 0.000000 0.000000
 1.260000 0.000000 0.000000
 1.262500 0.000000 0.000000
 1.265000 0.000000 0.000000
 1.267500 0.000000 0.000000
 1.270000 0.000000 0.000000
 1.272500 0.000000 0.000000
 1.275000 0.000000 0.000000
 1.277500 0.000000 0.000000
 1.280000 0.000000 0.000000
 1.282500 0.000000 0.000000
 1.285000 0.000000 0.000000
 1.287500 0.000000 0.000000
 1.290000 0.000000 0.000000
 1.292500 0.000000 0.000000
 1.295000 0.000000 0.000000
 1.297500 0.000000 0.000000
 1.300000 0.000000 0.000000
 1.302500 0.000000 0.000000
 1.305000 0.000000 0.000000
 1.307500 0.000000 0.000000
 1.310000 0.000000 0.000000
 1.312500 0.000000 0.000000
 1.315000 0.000000 0.000000
 1.317500 0.000000 0.000000
 1.320000 0.000000 0.000000
 1.322500 0.000000 0.000000
 1.325000 0.000000 0.000000
 1.327500 0.000000 0.000000
 1.330000 0.000000 0.000000
 1.332500 0.000000 0.000000
 1.335000 0.000000 0.000000
 1.337500 0.000000 0.000000
 1.340000 0.000000 0.000000
 1.342500 0.000000 0.000000
 1.345000 0.000000 0.000000
 1.347500 0.000000 0.000000
 1.350000 0.000000 0.000000
 1.352500 0.000000 0.000000
 1.355000 0.000000 0.000000
 1.357500 0.000000 0.000000
 1.360000 0.000000 0.000000
 1.362500 0.000000 0.000000
 1.365000 0.000000 0.000000
 1.367500 0.000000 0.000000
 1.370000 0.000000 0.000000
 1.372500 0.000000 0.000000
 1.375000 0.000000 0.000000
 1.377500 0.000000 0.000000
 1.380000 0.000000 0.000000
 1.382500 0.000000 0.000000
 1.385000 0.000000 0.000000
 1.387500 0.000000 0.000000
 1.390000 0.000000 0.000000
 1.392500 0.000000 0.000000
 1.395000 0.000000 0.000000
 1.397500 0.000000 0.000000
 1.400000 0.000000 0.000000
 1.402500 0.000000 0.000000
 1.405000 0.000000 0.000000
 1.407500 0.000000 0.000000
 1.410000 0.000000 0.000000
 1.412500 0.000000 0.000000
 1.415000 0.000000 0.000000
 1.417500 0.000000 0.000000
 1.420000 0.000000 0.000000
 1.422500 0.000000 0.000000
 1.425000 0.000000 0.000000
 1.427500 0.000000 0.000000
 1.430000 0.000000 0.000000
 1.432500 0.000000 0.000000
 1.435000 0.000000 0.000000
 1.437500 0.000000 0.000000
 1.440000 0.000000 0.000000
 1.442500 0.000000 0.000000
 1.445000 0.000000 0.000000
 1.447500 0.000000 0.000000
 1.450000 0.000000 0.000000
 1.452500 0.000000 0.000000
 1.455000 0.000000 0.000000
 1.457500 0.000000 0.000000
 1.460000 0.000000 0.000000
 1.462500 0.000000 0.000000
 1.465000 0.000000 0.000000
 1.467500 0.000000 0.000000
 1.470000 0.000000 0.000000
 1.472500 0.000000 0.000000
 1.475000 0.000000 0.000000
 1.477500 0.000000 0.000000
 1.480000 0.000000 0.000000
 1.482500 0.000000 0.000000
 1.485000 0.000000 0.000000
 1.487500 0.000000 0.000000
 1.490000 0.000000 0.000000
 1.492500 0.000000 0.000000
 1.495000 0.000000 0.000000
 1.497500 0.000000 0.000000
 1.500000 0.000000 0.000000
 1.502500 0.000000 0.000000
 1.505000 0.000000 0.000000
 1.507500 0.000000 0.000000
 1.510000 0.000000 0.000000
 1.512500 0.000000 0.000000
 1.515000 0.000000 0.000000
 1.517500 0.000000 0.000000
 1.520000 0.000000 0.000000
 1.522500 0.000000 0.000000
 1.525000 0.000000 0.000000
 1.527500 0.000000 0.000000
 1.530000 0.000000 0.000000
 1.532500 0.000000 0.000000
 1.535000 0.000000 0.000000
 1.537500 0.000000 0.000000
 1.540000 0.000000 0.000000
 1.542500 0.000000 0.000000
 1.545000 0.000000 0.000000
 1.547500 0.000000 0.000000
 1.550000 0.000000 0.000000
 1.552500 0.000000 0.000000
 1.555000 0.000000 0.000000
 1.557500 0.000000 0.000000
 1.560000 0.000000 0.000000
 1.562500 0.000000 0.000000
 1.565000 0.000000 0.000000
 1.567500 0.000000 0.000000
 1.570000 0.000000 0.000000
 1.572500 0.000000 0.000000
 1.575000 0.000000 0.000000
 1.577500 0.000000 0.000000
 1.580000 0.000000 0.000000
 1.582500 0.000000 0.000000
 1.585000 0.000000 0.000000
 1.587500 0.000000 0.000000
 1.590000 0.000000 0.000000
 1.592500 0.000000 0.000000
 1.595000 0.000000 0.000000
 1.597500 0.000000 0.000000
 1.600000 0.000000 0.000000
 1.602500 0.000000 0.000000
 1.605000 0.000000 0.000000
 1.607500 0.000000 0.000000
 1.610000 0.000000 0.000000
 1.612500 0.000000 0.000000
 1.615000 0.000000 0.000000
 1.617500 0.000000 0.000000
 1.620000 0.000000 0.000000
 1.622500 0.000000 0.000000
 1.625000 0.000000 0.000000
 1.627500 0.000000 0.000000
 1.630000 0.000000 0.000000
 1.632500 0.000000 0.000000
 1.635000 0.000000 0.000000
 1.637500 0.000000 0.000000
 1.640000 0.000000 0.000000
 1.642500 0.000000 0.000000
 1.645000 0.000000 0.000000
 1.647500 0.000000 0.000000
 1.650000 0.000000 0.000000
 1.652500 0.000000 0.000000
 1.655000 0.000000 0.000000
 1.657500 0.000000 0.000000
 1.660000 0.000000 0.000000
 1.662500 0.000000 0.000000
 1.665000 0.000000 0.000000
 1.667500 0.000000 0.000000
 1.670000 0.000000 0.000000
 1.672500 0.000000 0.000000
 1.675000 0.000000 0.000000
 1.677500 0.000000 0.000000
 1.680000 0.000000 0.000000
 1.682500 0.000000 0.000000
 1.685000 0.000000 0.000000
 1.687500 0.000000 0.000000
 1.690000 0.000000 0.000000
 1.692500 0.000000 0.000000
 1.695000 0.000000 0.000000
 1.697500 0.000000 0.000000
 1.700000 0.000000 0.000000
 1.702500 0.000000 0.000000
 1.705000 0.000000 0.000000
 1.707500 0.000000 0.000000
 1.710000 0.000000 0.000000
 1.712500 0.000000 0.000000
 1.715000 0.000000 0.000000
 1.717500 0.000000 0.000000
 1.720000 0.000000 0.000000
 1.722500 0.000000 0.000000
 1.725000 0.000000 0.000000
 1.727500 0.000000 0.000000
 1.730000 0.000000 0.000000
 1.732500 0.000000 0.000000
 1.735000 0.000000 0.000000
 1.737500 0.000000 0.000000
 1.740000 0.000000 0.000000
 1.742500 0.000000 0.000000
 1.745000 0.000000 0.000000
 1.747500 0.000000 0.000000
 1.750000 0.000000 0.000000
 1.752500 0.000000 0.000000
 1.755000 0.000000 0.000000
 1.757500 0.000000 0.000000
 1.760000 0.000000 0.000000
 1.762500 0.000000 0.000000
 1.765000 0.000000 0.000000
 1.767500 0.000000 0.000000
 1.770000 0.000000 0.000000
 1.772500 0.000000 0.000000
 1.775000 0.000000 0.000000
 1.777500 0.000000 0.000000
 1.780000 0.000000 0.000000
 1.782500 0.000000 0.000000
 1.785000 0.000000 0.000000
 1.787500 0.000000 0.000000
 1.790000 0.000000 0.000000
 1.792500 0.000000 0.000000
 1.795000 0.000000 0.000000
 1.797500 0.000000 0.000000
 1.800000 0.000000 0.000000
 1.802500 0.000000 0.000000
 1.805000 0.000000 0.000000
 1.807500 0.000000 0.000000
 1.810000 0.000000 0.000000
 1.812500 0.000000 0.000000
 1.815000 0.000000 0.000000
 1.817500 0.000000 0.000000
 1.820000 0.000000 0.000000
 1.822500 0.000000 0.000000
 1.825000 0.000000 0.000000
 1.827500 0.000000 0.000000
 1.830000 0.000000 0.000000
 1.832500 0.000000 0.000000
 1.835000 0.000000 0.000000
 1.837500 0.000000 0.000000
 1.840000 0.000000 0.000000
 1.842500 0.000000 0.000000
 1.845000 0.000000 0.000000
 1.847500 0.000000 0.000000
 1.850000 0.000000 0.000000
 1.852500 0.000000 0.000000
 1.855000 0.000000 0.000000
 1.857500 0.000000 0.000000
 1.860000 0.000000 0.000000
 1.862500 0.000000 0.000000
 1.865000 0.000000 0.000000
 1.867500 0.000000 0.000000
 1.870000 0.000000 0.000000
 1.872500 0.000000 0.000000
 1.875000 0.000000 0.000000
 1.877500 0.000000 0.000000
 1.880000 0.000000 0.000000
 1.882500 0.000000 0.000000
 1.885000 0.000000 0.000000
 1.887500 0.000000 0.000000
 1.890000 0.000000 0.000000
 1.892500 0.000000 0.000000
 1.895000 0.000000 0.000000
 1.897500 0.000000 0.000000
 1.900000 0.000000 0.000000
 1.902500 0.000000 0.000000
 1.905000 0.000000 0.000000
 1.907500 0.000000 0.000000
 1.910000 0.000000 0.000000
 1.912500 0.000000 0.000000
 1.915000 0.000000 0.000000
 1.917500 0.000000 0.000000
 1.920000 0.000000 0.000000
 1.922500 0.000000 0.000000
 1.925000 0.000000 0.000000
 1.927500 0.000000 0.000000
 1.930000 0.000000 0.000000
 1.932500 0.000000 0.000000
 1.935000 0.000000 0.000000
 1.937500 0.000000 0.000000
 1.940000 0.000000 0.000000
 1.942500 0.000000 0.000000
 1.945000 0.000000 0.000000
 1.947500 0.000000 0.000000
 1.950000 0.000000 0.000000
 1.952500 0.000000 0.000000
 1.955000 0.000000 0.000000
 1.957500 0.000000 0.000000
 1.960000 0.000000 0.000000
 1.962500 0.000000 0.000000
 1.965000 0.000000 0.000000
 1.967500 0.000000 0.000000
 1.970000 0.000000 0.000000
 1.972500 0.000000 0.000000
 1.975000 0.000000 0.000000
 1.977500 0.000000 0.000000
 1.980000 0.000000 0.000000
 1.982500 0.000000 0.000000
 1.985000 0.000000 0.000000
 1.987500 0.000000 0.000000
 1.990000 0.000000 0.000000
 1.992500 0.000000 0.000000
 1.995000 0.000000 0.000000
 1.997500 0.000000 0.000000
 2.000000 0.000000 0.000000
