#! FIELDS es hh dhh_es
#! SET normalisation  200.000000
#! SET min_es -0.5
#! SET max_es 2
#! SET nbins_es  1000
#! SET periodic_es false
 -0.500000 0.000000 0.000000
 -0.497500 0.000000 0.000000
 -0.495000 0.000000 0.000000
 -0.492500 0.000000 0.000000
 -0.490000 0.000000 0.000000
 -0.487500 0.000000 0.000000
 -0.485000 0.000000 0.000000
 -0.482500 0.000000 0.000000
 -0.480000 0.000000 0.000000
 -0.477500 0.000000 0.000000
 -0.475000 0.000000 0.000000
 -0.472500 0.000000 0.000000
 -0.470000 0.000000 0.000000
 -0.467500 0.000000 0.000000
 -0.465000 0.000000 0.000000
 -0.462500 0.000000 0.000000
 -0.460000 0.000000 0.000000
 -0.457500 0.000000 0.000000
 -0.455000 0.000000 0.000000
 -0.452500 0.000000 0.000000
 -0.450000 0.000000 0.000000
 -0.447500 0.000000 0.000000
 -0.445000 0.000000 0.000000
 -0.442500 0.000000 0.000000
 -0.440000 0.000000 0.000000
 -0.437500 0.000000 0.000000
 -0.435000 0.000000 0.000000
 -0.432500 0.000000 0.000000
 -0.430000 0.000000 0.000000
 -0.427500 0.000000 0.000000
 -0.425000 0.000000 0.000000
 -0.422500 0.000000 0.000000
 -0.420000 0.000000 0.000000
 -0.417500 0.000000 0.000000
 -0.415000 0.000000 0.000000
 -0.412500 0.000000 0.000000
 -0.410000 0.000000 0.000000
 -0.407500 0.000000 0.000000
 -0.405000 0.000000 0.000000
 -0.402500 0.000000 0.000000
 -0.400000 0.000000 0.000000
 -0.397500 0.000000 0.000000
 -0.395000 0.000000 0.000000
 -0.392500 0.000000 0.000000
 -0.390000 0.000000 0.000000
 -0.387500 0.000000 0.000000
 -0.385000 0.000000 0.000000
 -0.382500 0.000000 0.000000
 -0.380000 0.000000 0.000000
 -0.377500 0.000000 0.000000
 -0.375000 0.000000 0.000000
 -0.372500 0.000000 0.000000
 -0.370000 0.000000 0.000000
 -0.367500 0.000000 0.000000
 -0.365000 0.000000 0.000000
 -0.362500 0.000000 0.000000
 -0.360000 0.000000 0.000000
 -0.357500 0.000000 0.000000
 -0.355000 0.000000 0.000000
 -0.352500 0.000000 0.000000
 -0.350000 0.000000 0.000000
 -0.347500 0.000000 0.000000
 -0.345000 0.000000 0.000000
 -0.342500 0.000000 0.000000
 -0.340000 0.000000 0.000000
 -0.337500 0.000000 0.000000
 -0.335000 0.000000 0.000000
 -0.332500 0.000000 0.000000
 -0.330000 0.000000 0.000000
 -0.327500 0.000000 0.000000
 -0.325000 0.000000 0.000000
 -0.322500 0.000000 0.000000
 -0.320000 0.000000 0.000000
 -0.317500 0.000000 0.000000
 -0.315000 0.000000 0.000000
 -0.312500 0.000000 0.000000
 -0.310000 0.000000 0.000000
 -0.307500 0.000000 0.000000
 -0.305000 0.000000 0.000000
 -0.302500 0.000000 0.000000
 -0.300000 0.000000 0.000000
 -0.297500 0.000000 0.000000
 -0.295000 0.000000 0.000000
 -0.292500 0.000000 0.000000
 -0.290000 0.000000 0.000000
 -0.287500 0.000000 0.000000
 -0.285000 0.000000 0.000000
 -0.282500 0.000000 0.000000
 -0.280000 0.000000 0.000000
 -0.277500 0.000000 0.000000
 -0.275000 0.000000 0.000000
 -0.272500 0.000000 0.000000
 -0.270000 0.000000 0.000000
 -0.267500 0.000000 0.000000
 -0.265000 0.000000 0.000000
 -0.262500 0.000000 0.000000
 -0.260000 0.000000 0.000000
 -0.257500 0.000000 0.000000
 -0.255000 0.000000 0.000000
 -0.252500 0.000000 0.000000
 -0.250000 0.000000 0.000000
 -0.247500 0.000000 0.000000
 -0.245000 0.000000 0.000000
 -0.242500 0.000000 0.000000
 -0.240000 0.000000 0.000000
 -0.237500 0.000000 0.000000
 -0.235000 0.000000 0.000000
 -0.232500 0.000000 0.000000
 -0.230000 0.000000 0.000000
 -0.227500 0.000000 0.000000
 -0.225000 0.000000 0.000000
 -0.222500 0.000000 0.000000
 -0.220000 0.000000 0.000000
 -0.217500 0.000000 0.000000
 -0.215000 0.000000 0.000000
 -0.212500 0.000000 0.000000
 -0.210000 0.000000 0.000000
 -0.207500 0.000000 0.000000
 -0.205000 0.000000 0.000000
 -0.202500 0.000000 0.000000
 -0.200000 0.000000 0.000000
 -0.197500 0.000000 0.000000
 -0.195000 0.000000 0.000000
 -0.192500 0.000000 0.000000
 -0.190000 0.000000 0.000000
 -0.187500 0.000000 0.000000
 -0.185000 0.000000 0.000000
 -0.182500 0.000000 0.000000
 -0.180000 0.000000 0.000000
 -0.177500 0.000000 0.000000
 -0.175000 0.000000 0.000000
 -0.172500 0.000000 0.000000
 -0.170000 0.000000 0.000000
 -0.167500 0.000000 0.000000
 -0.165000 0.000000 0.000000
 -0.162500 0.000000 0.000000
 -0.160000 0.000000 0.000000
 -0.157500 0.000000 0.000000
 -0.155000 0.000000 0.000000
 -0.152500 0.000000 0.000000
 -0.150000 0.000000 0.000000
 -0.147500 0.000000 0.000000
 -0.145000 0.000000 0.000000
 -0.142500 0.000000 0.000000
 -0.140000 0.000000 0.000000
 -0.137500 0.000000 0.000000
 -0.135000 0.000000 0.000000
 -0.132500 0.000000 0.000000
 -0.130000 0.000000 0.000000
 -0.127500 0.000000 0.000000
 -0.125000 0.000000 0.000000
 -0.122500 0.000000 0.000000
 -0.120000 0.000000 0.000000
 -0.117500 0.000000 0.000000
 -0.115000 0.000000 0.000000
 -0.112500 0.000000 0.000000
 -0.110000 0.000000 0.000000
 -0.107500 0.000000 0.000000
 -0.105000 0.000000 0.000000
 -0.102500 0.000000 0.000000
 -0.100000 0.000000 0.000000
 -0.097500 0.000000 0.000000
 -0.095000 0.000000 0.000000
 -0.092500 0.000000 0.000000
 -0.090000 0.000000 0.000000
 -0.087500 0.000000 0.000000
 -0.085000 0.000000 0.000000
 -0.082500 0.000000 0.000000
 -0.080000 0.000000 0.000000
 -0.077500 0.000000 0.000000
 -0.075000 0.000000 0.000000
 -0.072500 0.000000 0.000000
 -0.070000 0.000000 0.000000
 -0.067500 0.000000 0.000000
 -0.065000 0.000000 0.000000
 -0.062500 0.000000 0.000000
 -0.060000 0.000000 0.000000
 -0.057500 0.000000 0.000000
 -0.055000 0.000000 0.000000
 -0.052500 0.000000 0.000000
 -0.050000 0.000000 0.000000
 -0.047500 0.000000 0.000000
 -0.045000 0.000000 0.000000
 -0.042500 0.000000 0.000000
 -0.040000 0.000000 0.000000
 -0.037500 0.000000 0.000000
 -0.035000 0.000000 0.000000
 -0.032500 0.000000 0.000000
 -0.030000 0.000000 0.000000
 -0.027500 0.000000 0.000000
 -0.025000 0.000000 0.000000
 -0.022500 0.000000 0.000000
 -0.020000 0.000000 0.000000
 -0.017500 0.000000 0.000000
 -0.015000 0.000000 0.000000
 -0.012500 0.000000 0.000000
 -0.010000 0.000000 0.000000
 -0.007500 0.000000 0.000000
 -0.005000 0.000000 0.000000
 -0.002500 0.000000 0.000000
 0.000000 0.000000 0.000000
 0.002500 0.000000 0.000000
 0.005000 0.000000 0.000000
 0.007500 0.000000 0.000000
 0.010000 0.000000 0.000000
 0.012500 0.000000 0.000000
 0.015000 0.000000 0.000000
 0.017500 0.000000 0.000000
 0.020000 0.000000 0.000000
 0.022500 0.000000 0.000000
 0.025000 0.000000 0.000000
 0.027500 0.000000 0.000000
 0.030000 0.000000 0.000000
 0.032500 0.000000 0.000000
 0.035000 0.000000 0.000000
 0.037500 0.000000 0.000000
 0.040000 0.000000 0.000000
 0.042500 0.000000 0.000000
 0.045000 0.000000 0.000000
 0.047500 0.000000 0.000000
 0.050000 0.000000 0.000000
 0.052500 0.000000 0.000000
 0.055000 0.000000 0.000000
 0.057500 0.000000 0.000000
 0.060000 0.000000 0.000000
 0.062500 0.000000 0.000000
 0.065000 0.000000 0.000000
 0.067500 0.000000 0.000000
 0.070000 0.000000 0.000000
 0.072500 0.000000 0.000000
 0.075000 0.000000 0.000000
 0.077500 0.000000 0.000000
 0.080000 0.000000 0.000000
 0.082500 0.000000 0.000000
 0.085000 0.000000 0.000000
 0.087500 0.000000 0.000000
 0.090000 0.000000 0.000000
 0.092500 0.000000 0.000000
 0.095000 0.000000 0.000000
 0.097500 0.000000 0.000000
 0.100000 0.000000 0.000000
 0.102500 0.000000 0.000000
 0.105000 0.000000 0.000000
 0.107500 0.000000 0.000000
 0.110000 0.000000 0.000000
 0.112500 0.000000 0.000000
 0.115000 0.000000 0.000000
 0.117500 0.000000 0.000000
 0.120000 0.000000 0.000000
 0.122500 0.000000 0.000000
 0.125000 0.000000 0.000000
 0.127500 0.000000 0.000000
 0.130000 0.000000 0.000000
 0.132500 0.000000 0.000000
 0.135000 0.000000 0.000000
 0.137500 0.000000 0.000000
 0.140000 0.000000 0.000000
 0.142500 0.000000 0.000000
 0.145000 0.000000 0.000000
 0.147500 0.000000 0.000000
 0.150000 0.000000 0.000000
 0.152500 0.000000 0.000000
 0.155000 0.000000 0.000000
 0.157500 0.000000 0.000000
 0.160000 0.000000 0.000000
 0.162500 0.000000 0.000000
 0.165000 0.000000 0.000000
 0.167500 0.000000 0.000000
 0.170000 0.000000 0.000000
 0.172500 0.000000 0.000000
 0.175000 0.000000 0.000000
 0.177500 0.000000 0.000000
 0.180000 0.000000 0.000000
 0.182500 0.000000 0.000000
 0.185000 0.000000 0.000000
 0.187500 0.000000 0.000000
 0.190000 0.000000 0.000000
 0.192500 0.000000 0.000000
 0.195000 0.000000 0.000000
 0.197500 0.000000 0.000000
 0.200000 0.000000 0.000000
 0.202500 0.000000 0.000000
 0.205000 0.000000 0.000000
 0.207500 0.000000 0.000000
 0.210000 0.000000 0.000000
 0.212500 0.000000 0.000000
 0.215000 0.000001 0.000248
 0.217500 0.000002 0.000582
 0.220000 0.000004 0.001278
 0.222500 0.000009 0.002619
 0.225000 0.000018 0.005009
 0.227500 0.000035 0.008929
 0.230000 0.000064 0.014808
 0.232500 0.000111 0.022802
 0.235000 0.000180 0.032496
 0.237500 0.000274 0.042677
 0.240000 0.000392 0.051299
 0.242500 0.000527 0.055816
 0.245000 0.000666 0.054052
 0.247500 0.000791 0.044621
 0.250000 0.000883 0.028220
 0.252500 0.000928 0.007516
 0.255000 0.000920 -0.013311
 0.257500 0.000865 -0.029681
 0.260000 0.000779 -0.037920
 0.262500 0.000684 -0.036301
 0.265000 0.000605 -0.025482
 0.267500 0.000562 -0.008303
 0.270000 0.000565 0.010933
 0.272500 0.000614 0.027459
 0.275000 0.000697 0.037120
 0.277500 0.000793 0.037527
 0.280000 0.000877 0.028249
 0.282500 0.000928 0.011542
 0.285000 0.000932 -0.008478
 0.287500 0.000887 -0.026844
 0.290000 0.000802 -0.039071
 0.292500 0.000698 -0.042136
 0.295000 0.000599 -0.035813
 0.297500 0.000526 -0.021244
 0.300000 0.000498 -0.001573
 0.302500 0.000520 0.018919
 0.305000 0.000590 0.036376
 0.307500 0.000697 0.047998
 0.310000 0.000824 0.052583
 0.312500 0.000955 0.051254
 0.315000 0.001078 0.047394
 0.317500 0.001194 0.045692
 0.320000 0.001313 0.050613
 0.322500 0.001455 0.064500
 0.325000 0.001642 0.086189
 0.327500 0.001890 0.112439
 0.330000 0.002204 0.138461
 0.332500 0.002578 0.159706
 0.335000 0.002998 0.174372
 0.337500 0.003446 0.182952
 0.340000 0.003910 0.187767
 0.342500 0.004384 0.191066
 0.345000 0.004865 0.193094
 0.347500 0.005346 0.190911
 0.350000 0.005812 0.179845
 0.352500 0.006234 0.155293
 0.355000 0.006575 0.115792
 0.357500 0.006801 0.062780
 0.360000 0.006884 0.002913
 0.362500 0.006818 -0.055352
 0.365000 0.006617 -0.103297
 0.367500 0.006317 -0.134208
 0.370000 0.005965 -0.144091
 0.372500 0.005618 -0.130721
 0.375000 0.005332 -0.093430
 0.377500 0.005169 -0.032861
 0.380000 0.005186 0.049326
 0.382500 0.005432 0.149371
 0.385000 0.005942 0.259545
 0.387500 0.006728 0.368953
 0.390000 0.007775 0.464563
 0.392500 0.009032 0.534661
 0.395000 0.010419 0.569203
 0.397500 0.011844 0.564607
 0.400000 0.013211 0.523152
 0.402500 0.014437 0.454522
 0.405000 0.015471 0.371948
 0.407500 0.016300 0.292272
 0.410000 0.016946 0.226599
 0.412500 0.017453 0.183117
 0.415000 0.017882 0.162850
 0.417500 0.018283 0.159654
 0.420000 0.018690 0.165914
 0.422500 0.019118 0.175788
 0.425000 0.019570 0.185484
 0.427500 0.020052 0.199889
 0.430000 0.020581 0.225764
 0.432500 0.021199 0.271762
 0.435000 0.021960 0.340076
 0.437500 0.022916 0.428080
 0.440000 0.024108 0.524458
 0.442500 0.025534 0.615255
 0.445000 0.027167 0.687424
 0.447500 0.028945 0.730690
 0.450000 0.030794 0.742796
 0.452500 0.032636 0.726232
 0.455000 0.034408 0.688449
 0.457500 0.036071 0.637624
 0.460000 0.037595 0.579938
 0.462500 0.038978 0.524431
 0.465000 0.040230 0.478416
 0.467500 0.041390 0.452576
 0.470000 0.042520 0.460153
 0.472500 0.043732 0.516695
 0.475000 0.045165 0.639929
 0.477500 0.046996 0.837426
 0.480000 0.049412 1.104947
 0.482500 0.052560 1.414750
 0.485000 0.056488 1.724294
 0.487500 0.061129 1.972147
 0.490000 0.066256 2.105138
 0.492500 0.071531 2.087865
 0.495000 0.076567 1.915766
 0.497500 0.081008 1.620279
 0.500000 0.084618 1.263037
 0.502500 0.087332 0.916231
 0.505000 0.089268 0.649467
 0.507500 0.090683 0.503980
 0.510000 0.091907 0.495604
 0.512500 0.093266 0.606930
 0.515000 0.095016 0.801071
 0.517500 0.097307 1.033218
 0.520000 0.100186 1.262985
 0.522500 0.103606 1.467980
 0.525000 0.107501 1.640602
 0.527500 0.111800 1.794513
 0.530000 0.116489 1.954090
 0.532500 0.121599 2.141807
 0.535000 0.127230 2.372705
 0.537500 0.133488 2.639346
 0.540000 0.140448 2.927319
 0.542500 0.148114 3.197382
 0.545000 0.156396 3.413344
 0.547500 0.165122 3.547450
 0.550000 0.174072 3.596037
 0.552500 0.183053 3.575505
 0.555000 0.191936 3.523741
 0.557500 0.200702 3.492973
 0.560000 0.209466 3.530895
 0.562500 0.218467 3.683842
 0.565000 0.228009 3.970813
 0.567500 0.238445 4.392308
 0.570000 0.250071 4.915734
 0.572500 0.263064 5.473145
 0.575000 0.277404 5.980173
 0.577500 0.292863 6.352879
 0.580000 0.309037 6.542073
 0.582500 0.325431 6.539278
 0.585000 0.341619 6.383379
 0.587500 0.357298 6.152264
 0.590000 0.372398 5.934272
 0.592500 0.387044 5.802600
 0.595000 0.401522 5.799594
 0.597500 0.416169 5.936112
 0.600000 0.431326 6.199848
 0.602500 0.447267 6.559854
 0.605000 0.464189 6.976500
 0.607500 0.482159 7.402442
 0.610000 0.501176 7.793779
 0.612500 0.521086 8.112062
 0.615000 0.541663 8.323771
 0.617500 0.562625 8.429328
 0.620000 0.583718 8.433114
 0.622500 0.604743 8.376807
 0.625000 0.625585 8.294140
 0.627500 0.646222 8.212357
 0.630000 0.666661 8.138845
 0.632500 0.686924 8.067089
 0.635000 0.707004 7.993859
 0.637500 0.726941 7.954116
 0.640000 0.746864 8.011599
 0.642500 0.767152 8.241634
 0.645000 0.788320 8.733889
 0.647500 0.811085 9.522635
 0.650000 0.836170 10.583659
 0.652500 0.864187 11.845412
 0.655000 0.895493 13.193906
 0.657500 0.930160 14.530236
 0.660000 0.968043 15.762724
 0.662500 1.008848 16.860252
 0.665000 1.052231 17.818708
 0.667500 1.097835 18.646640
 0.670000 1.145356 19.338344
 0.672500 1.194400 19.851171
 0.675000 1.244433 20.123127
 0.677500 1.294798 20.113493
 0.680000 1.344748 19.801114
 0.682500 1.393615 19.255460
 0.685000 1.440977 18.614124
 0.687500 1.486816 18.087933
 0.690000 1.531682 17.872657
 0.692500 1.576615 18.157599
 0.695000 1.622968 19.023892
 0.697500 1.672193 20.431254
 0.700000 1.725445 22.218475
 0.702500 1.783351 24.100003
 0.705000 1.845739 25.746573
 0.707500 1.911608 26.832447
 0.710000 1.979220 27.119354
 0.712500 2.046440 26.506130
 0.715000 2.111076 25.092604
 0.717500 2.171405 23.114650
 0.720000 2.226503 20.978363
 0.722500 2.276512 19.129344
 0.725000 2.322677 17.962668
 0.727500 2.367088 17.749061
 0.730000 2.412257 18.579197
 0.732500 2.460716 20.332052
 0.735000 2.514433 22.746679
 0.737500 2.574664 25.464711
 0.740000 2.641678 28.131899
 0.742500 2.714956 30.422467
 0.745000 2.793216 32.088298
 0.747500 2.874708 33.004390
 0.750000 2.957499 33.135190
 0.752500 3.039710 32.557385
 0.755000 3.119767 31.487232
 0.757500 3.196834 30.191785
 0.760000 3.270715 28.999009
 0.762500 3.342014 28.161752
 0.765000 3.411848 27.860220
 0.767500 3.481693 28.128447
 0.770000 3.552845 28.899032
 0.772500 3.626320 29.947472
 0.775000 3.702509 31.032587
 0.777500 3.781194 31.915561
 0.780000 3.861655 32.443796
 0.782500 3.942937 32.564302
 0.785000 4.024042 32.338157
 0.787500 4.104267 31.882196
 0.790000 4.183218 31.360137
 0.792500 4.260870 30.869294
 0.795000 4.337378 30.428584
 0.797500 4.412836 30.020782
 0.800000 4.487176 29.530414
 0.802500 4.560066 28.839706
 0.805000 4.630870 27.837530
 0.807500 4.698679 26.448122
 0.810000 4.762499 24.645746
 0.812500 4.821327 22.448504
 0.815000 4.874224 19.944595
 0.817500 4.920575 17.266291
 0.820000 4.960244 14.626971
 0.822500 4.993556 12.224971
 0.825000 5.021363 10.281356
 0.827500 5.045045 8.943602
 0.830000 5.066185 8.233003
 0.832500 5.086274 8.058797
 0.835000 5.106287 8.171229
 0.837500 5.126575 8.237030
 0.840000 5.146563 7.854853
 0.842500 5.164704 6.685192
 0.845000 5.178670 4.503901
 0.847500 5.185728 1.202234
 0.850000 5.183177 -3.159259
 0.852500 5.168689 -8.303051
 0.855000 5.140748 -13.855433
 0.857500 5.098879 -19.340134
 0.860000 5.043808 -24.309205
 0.862500 4.977341 -28.415843
 0.865000 4.901931 -31.448978
 0.867500 4.820339 -33.371783
 0.870000 4.735156 -34.366133
 0.872500 4.648338 -34.763092
 0.875000 4.560786 -34.984435
 0.877500 4.472417 -35.507339
 0.880000 4.381954 -36.688033
 0.882500 4.287461 -38.750374
 0.885000 4.186704 -41.705197
 0.887500 4.077628 -45.311979
 0.890000 3.959066 -49.208177
 0.892500 3.830904 -52.911472
 0.895000 3.694227 -55.991592
 0.897500 3.550945 -58.096387
 0.900000 3.403720 -59.182097
 0.902500 3.255014 -59.351249
 0.905000 3.106762 -58.855845
 0.907500 2.960205 -58.050895
 0.910000 2.815707 -57.228910
 0.912500 2.673097 -56.616343
 0.915000 2.531689 -56.249396
 0.917500 2.390889 -56.125914
 0.920000 2.250174 -56.155028
 0.922500 2.109289 -56.240794
 0.925000 1.968246 -56.295840
 0.927500 1.827212 -56.225889
 0.930000 1.686579 -55.950900
 0.932500 1.546962 -55.416270
 0.935000 1.409093 -54.557113
 0.937500 1.273859 -53.320179
 0.940000 1.142253 -51.668368
 0.942500 1.015329 -49.591721
 0.945000 0.894114 -47.097771
 0.947500 0.779611 -44.239804
 0.950000 0.672653 -41.076465
 0.952500 0.573936 -37.686157
 0.955000 0.483913 -34.131061
 0.957500 0.402916 -30.501849
 0.960000 0.331022 -26.866907
 0.962500 0.268155 -23.309725
 0.965000 0.214008 -19.894553
 0.967500 0.168162 -16.699915
 0.970000 0.129993 -13.769377
 0.972500 0.098795 -11.141838
 0.975000 0.073772 -8.833794
 0.977500 0.054121 -6.859901
 0.980000 0.039011 -5.212693
 0.982500 0.027633 -3.873144
 0.985000 0.019257 -2.820351
 0.987500 0.013207 -2.015071
 0.990000 0.008909 -1.414861
 0.992500 0.005903 -0.977324
 0.995000 0.003839 -0.667488
 0.997500 0.002438 -0.448692
 1.000000 0.001505 -0.295150
 1.002500 0.000894 -0.187393
 1.005000 0.000511 -0.115294
 1.007500 0.000279 -0.067791
 1.010000 0.000144 -0.037498
 1.012500 0.000071 -0.020118
 1.015000 0.000033 -0.009974
 1.017500 0.000014 -0.004684
 1.020000 0.000006 -0.002175
 1.022500 0.000002 -0.000669
 1.025000 0.000000 0.000000
 1.027500 0.000000 0.000000
 1.030000 0.000000 0.000000
 1.032500 0.000000 0.000000
 1.035000 0.000000 0.000000
 1.037500 0.000000 0.000000
 1.040000 0.000000 0.000000
 1.042500 0.000000 0.000000
 1.045000 0.000000 0.000000
 1.047500 0.000000 0.000000
 1.050000 0.000000 0.000000
 1.052500 0.000000 0.000000
 1.055000 0.000000 0.000000
 1.057500 0.000000 0.000000
 1.060000 0.000000 0.000000
 1.062500 0.000000 0.000000
 1.065000 0.000000 0.000000
 1.067500 0.000000 0.000000
 1.070000 0.000000 0.000000
 1.072500 0.000000 0.000000
 1.075000 0.000000 0.000000
 1.077500 0.000000 0.000000
 1.080000 0.000000 0.000000
 1.082500 0.000000 0.000000
 1.085000 0.000000 0.000000
 1.087500 0.000000 0.000000
 1.090000 0.000000 0.000000
 1.092500 0.000000 0.000000
 1.095000 0.000000 0.000000
 1.097500 0.000000 0.000000
 1.100000 0.000000 0.000000
 1.102500 0.000000 0.000000
 1.105000 0.000000 0.000000
 1.107500 0.000000 0.000000
 1.110000 0.000000 0.000000
 1.112500 0.000000 0.000000
 1.115000 0.000000 0.000000
 1.117500 0.000000 0.000000
 1.120000 0.000000 0.000000
 1.122500 0.000000 0.000000
 1.125000 0.000000 0.000000
 1.127500 0.000000 0.000000
 1.130000 0.000000 0.000000
 1.132500 0.000000 0.000000
 1.135000 0.000000 0.000000
 1.137500 0.000000 0.000000
 1.140000 0.000000 0.000000
 1.142500 0.000000 0.000000
 1.145000 0.000000 0.000000
 1.147500 0.000000 0.000000
 1.150000 0.000000 0.000000
 1.152500 0.000000 0.000000
 1.155000 0.000000 0.000000
 1.157500 0.000000 0.000000
 1.160000 0.000000 0.000000
 1.162500 0.000000 0.000000
 1.165000 0.000000 0.000000
 1.167500 0.000000 0.000000
 1.170000 0.000000 0.000000
 1.172500 0.000000 0.000000
 1.175000 0.000000 0.000000
 1.177500 0.000000 0.000000
 1.180000 0.000000 0.000000
 1.182500 0.000000 0.000000
 1.185000 0.000000 0.000000
 1.187500 0.000000 0.000000
 1.190000 0.000000 0.000000
 1.192500 0.000000 0.000000
 1.195000 0.000000 0.000000
 1.197500 0.000000 0.000000
 1.200000 0.000000 0.000000
 1.202500 0.000000 0.000000
 1.205000 0.000000 0.000000
 1.207500 0.000000 0.000000
 1.210000 0.000000 0.000000
 1.212500 0.000000 0.000000
 1.215000 0.000000 0.000000
 1.217500 0.000000 0.000000
 1.220000 0.000000 0.000000
 1.222500 0.000000 0.000000
 1.225000 0.000000 0.000000
 1.227500 0.000000 0.000000
 1.230000 0.000000 0.000000
 1.232500 0.000000 0.000000
 1.235000 0.000000 0.000000
 1.237500 0.000000 0.000000
 1.240000 0.000000 0.000000
 1.242500 0.000000 0.000000
 1.245000 0.000000 0.000000
 1.247500 0.000000 0.000000
 1.250000 0.000000 0.000000
 1.252500 0.000000 0.000000
 1.255000 0.000000 0.000000
 1.257500 0.000000 0.000000
 1.260000 0.000000 0.000000
 1.262500 0.000000 0.000000
 1.265000 0.000000 0.000000
 1.267500 0.000000 0.000000
 1.270000 0.000000 0.000000
 1.272500 0.000000 0.000000
 1.275000 0.000000 0.000000
 1.277500 0.000000 0.000000
 1.280000 0.000000 0.000000
 1.282500 0.000000 0.000000
 1.285000 0.000000 0.000000
 1.287500 0.000000 0.000000
 1.290000 0.000000 0.000000
 1.292500 0.000000 0.000000
 1.295000 0.000000 0.000000
 1.297500 0.000000 0.000000
 1.300000 0.000000 0.000000
 1.302500 0.000000 0.000000
 1.305000 0.000000 0.000000
 1.307500 0.000000 0.000000
 1.310000 0.000000 0.000000
 1.312500 0.000000 0.000000
 1.315000 0.000000 0.000000
 1.317500 0.000000 0.000000
 1.320000 0.000000 0.000000
 1.322500 0.000000 0.000000
 1.325000 0.000000 0.000000
 1.327500 0.000000 0.000000
 1.330000 0.000000 0.000000
 1.332500 0.000000 0.000000
 1.335000 0.000000 0.000000
 1.337500 0.000000 0.000000
 1.340000 0.000000 0.000000
 1.342500 0.000000 0.000000
 1.345000 0.000000 0.000000
 1.347500 0.000000 0.000000
 1.350000 0.000000 0.000000
 1.352500 0.000000 0.000000
 1.355000 0.000000 0.000000
 1.357500 0.000000 0.000000
 1.360000 0.000000 0.000000
 1.362500 0.000000 0.000000
 1.365000 0.000000 0.000000
 1.367500 0.000000 0.000000
 1.370000 0.000000 0.000000
 1.372500 0.000000 0.000000
 1.375000 0.000000 0.000000
 1.377500 0.000000 0.000000
 1.380000 0.000000 0.000000
 1.382500 0.000000 0.000000
 1.385000 0.000000 0.000000
 1.387500 0.000000 0.000000
 1.390000 0.000000 0.000000
 1.392500 0.000000 0.000000
 1.395000 0.000000 0.000000
 1.397500 0.000000 0.000000
 1.400000 0.000000 0.000000
 1.402500 0.000000 0.000000
 1.405000 0.000000 0.000000
 1.407500 0.000000 0.000000
 1.410000 0.000000 0.000000
 1.412500 0.000000 0.000000
 1.415000 0.000000 0.000000
 1.417500 0.000000 0.000000
 1.420000 0.000000 0.000000
 1.422500 0.000000 0.000000
 1.425000 0.000000 0.000000
 1.427500 0.000000 0.000000
 1.430000 0.000000 0.000000
 1.432500 0.000000 0.000000
 1.435000 0.000000 0.000000
 1.437500 0.000000 0.000000
 1.440000 0.000000 0.000000
 1.442500 0.000000 0.000000
 1.445000 0.000000 0.000000
 1.447500 0.000000 0.000000
 1.450000 0.000000 0.000000
 1.452500 0.000000 0.000000
 1.455000 0.000000 0.000000
 1.457500 0.000000 0.000000
 1.460000 0.000000 0.000000
 1.462500 0.000000 0.000000
 1.465000 0.000000 0.000000
 1.467500 0.000000 0.000000
 1.470000 0.000000 0.000000
 1.472500 0.000000 0.000000
 1.475000 0.000000 0.000000
 1.477500 0.000000 0.000000
 1.480000 0.000000 0.000000
 1.482500 0.000000 0.000000
 1.485000 0.000000 0.000000
 1.487500 0.000000 0.000000
 1.490000 0.000000 0.000000
 1.492500 0.000000 0.000000
 1.495000 0.000000 0.000000
 1.497500 0.000000 0.000000
 1.500000 0.000000 0.000000
 1.502500 0.000000 0.000000
 1.505000 0.000000 0.000000
 1.507500 0.000000 0.000000
 1.510000 0.000000 0.000000
 1.512500 0.000000 0.000000
 1.515000 0.000000 0.000000
 1.517500 0.000000 0.000000
 1.520000 0.000000 0.000000
 1.522500 0.000000 0.000000
 1.525000 0.000000 0.000000
 1.527500 0.000000 0.000000
 1.530000 0.000000 0.000000
 1.532500 0.000000 0.000000
 1.535000 0.000000 0.000000
 1.537500 0.000000 0.000000
 1.540000 0.000000 0.000000
 1.542500 0.000000 0.000000
 1.545000 0.000000 0.000000
 1.547500 0.000000 0.000000
 1.550000 0.000000 0.000000
 1.552500 0.000000 0.000000
 1.555000 0.000000 0.000000
 1.557500 0.000000 0.000000
 1.560000 0.000000 0.000000
 1.562500 0.000000 0.000000
 1.565000 0.000000 0.000000
 1.567500 0.000000 0.000000
 1.570000 0.000000 0.000000
 1.572500 0.000000 0.000000
 1.575000 0.000000 0.000000
 1.577500 0.000000 0.000000
 1.580000 0.000000 0.000000
 1.582500 0.000000 0.000000
 1.585000 0.000000 0.000000
 1.587500 0.000000 0.000000
 1.590000 0.000000 0.000000
 1.592500 0.000000 0.000000
 1.595000 0.000000 0.000000
 1.597500 0.000000 0.000000
 1.600000 0.000000 0.000000
 1.602500 0.000000 0.000000
 1.605000 0.000000 0.000000
 1.607500 0.000000 0.000000
 1.610000 0.000000 0.000000
 1.612500 0.000000 0.000000
 1.615000 0.000000 0.000000
 1.617500 0.000000 0.000000
 1.620000 0.000000 0.000000
 1.622500 0.000000 0.000000
 1.625000 0.000000 0.000000
 1.627500 0.000000 0.000000
 1.630000 0.000000 0.000000
 1.632500 0.000000 0.000000
 1.635000 0.000000 0.000000
 1.637500 0.000000 0.000000
 1.640000 0.000000 0.000000
 1.642500 0.000000 0.000000
 1.645000 0.000000 0.000000
 1.647500 0.000000 0.000000
 1.650000 0.000000 0.000000
 1.652500 0.000000 0.000000
 1.655000 0.000000 0.000000
 1.657500 0.000000 0.000000
 1.660000 0.000000 0.000000
 1.662500 0.000000 0.000000
 1.665000 0.000000 0.000000
 1.667500 0.000000 0.000000
 1.670000 0.000000 0.000000
 1.672500 0.000000 0.000000
 1.675000 0.000000 0.000000
 1.677500 0.000000 0.000000
 1.680000 0.000000 0.000000
 1.682500 0.000000 0.000000
 1.685000 0.000000 0.000000
 1.687500 0.000000 0.000000
 1.690000 0.000000 0.000000
 1.692500 0.000000 0.000000
 1.695000 0.000000 0.000000
 1.697500 0.000000 0.000000
 1.700000 0.000000 0.000000
 1.702500 0.000000 0.000000
 1.705000 0.000000 0.000000
 1.707500 0.000000 0.000000
 1.710000 0.000000 0.000000
 1.712500 0.000000 0.000000
 1.715000 0.000000 0.000000
 1.717500 0.000000 0.000000
 1.720000 0.000000 0.000000
 1.722500 0.000000 0.000000
 1.725000 0.000000 0.000000
 1.727500 0.000000 0.000000
 1.730000 0.000000 0.000000
 1.732500 0.000000 0.000000
 1.735000 0.000000 0.000000
 1.737500 0.000000 0.000000
 1.740000 0.000000 0.000000
 1.742500 0.000000 0.000000
 1.745000 0.000000 0.000000
 1.747500 0.000000 0.000000
 1.750000 0.000000 0.000000
 1.752500 0.000000 0.000000
 1.755000 0.000000 0.000000
 1.757500 0.000000 0.000000
 1.760000 0.000000 0.000000
 1.762500 0.000000 0.000000
 1.765000 0.000000 0.000000
 1.767500 0.000000 0.000000
 1.770000 0.000000 0.000000
 1.772500 0.000000 0.000000
 1.775000 0.000000 0.000000
 1.777500 0.000000 0.000000
 1.780000 0.000000 0.000000
 1.782500 0.000000 0.000000
 1.785000 0.000000 0.000000
 1.787500 0.000000 0.000000
 1.790000 0.000000 0.000000
 1.792500 0.000000 0.000000
 1.795000 0.000000 0.000000
 1.797500 0.000000 0.000000
 1.800000 0.000000 0.000000
 1.802500 0.000000 0.000000
 1.805000 0.000000 0.000000
 1.807500 0.000000 0.000000
 1.810000 0.000000 0.000000
 1.812500 0.000000 0.000000
 1.815000 0.000000 0.000000
 1.817500 0.000000 0.000000
 1.820000 0.000000 0.000000
 1.822500 0.000000 0.000000
 1.825000 0.000000 0.000000
 1.827500 0.000000 0.000000
 1.830000 0.000000 0.000000
 1.832500 0.000000 0.000000
 1.835000 0.000000 0.000000
 1.837500 0.000000 0.000000
 1.840000 0.000000 0.000000
 1.842500 0.000000 0.000000
 1.845000 0.000000 0.000000
 1.847500 0.000000 0.000000
 1.850000 0.000000 0.000000
 1.852500 0.000000 0.000000
 1.855000 0.000000 0.000000
 1.857500 0.000000 0.000000
 1.860000 0.000000 0.000000
 1.862500 0.000000 0.000000
 1.865000 0.000000 0.000000
 1.867500 0.000000 0.000000
 1.870000 0.000000 0.000000
 1.872500 0.000000 0.000000
 1.875000 0.000000 0.000000
 1.877500 0.000000 0.000000
 1.880000 0.000000 0.000000
 1.882500 0.000000 0.000000
 1.885000 0.000000 0.000000
 1.887500 0.000000 0.000000
 1.890000 0.000000 0.000000
 1.892500 0.000000 0.000000
 1.895000 0.000000 0.000000
 1.897500 0.000000 0.000000
 1.900000 0.000000 0.000000
 1.902500 0.000000 0.000000
 1.905000 0.000000 0.000000
 1.907500 0.000000 0.000000
 1.910000 0.000000 0.000000
 1.912500 0.000000 0.000000
 1.915000 0.000000 0.000000
 1.917500 0.000000 0.000000
 1.920000 0.000000 0.000000
 1.922500 0.000000 0.000000
 1.925000 0.000000 0.000000
 1.927500 0.000000 0.000000
 1.930000 0.000000 0.000000
 1.932500 0.000000 0.000000
 1.935000 0.000000 0.000000
 1.937500 0.000000 0.000000
 1.940000 0.000000 0.000000
 1.942500 0.000000 0.000000
 1.945000 0.000000 0.000000
 1.947500 0.000000 0.000000
 1.950000 0.000000 0.000000
 1.952500 0.000000 0.000000
 1.955000 0.000000 0.000000
 1.957500 0.000000 0.000000
 1.960000 0.000000 0.000000
 1.962500 0.000000 0.000000
 1.965000 0.000000 0.000000
 1.967500 0.000000 0.000000
 1.970000 0.000000 0.000000
 1.972500 0.000000 0.000000
 1.975000 0.000000 0.000000
 1.977500 0.000000 0.000000
 1.980000 0.000000 0.000000
 1.982500 0.000000 0.000000
 1.985000 0.000000 0.000000
 1.987500 0.000000 0.000000
 1.990000 0.000000 0.000000
 1.992500 0.000000 0.000000
 1.995000 0.000000 0.000000
 1.997500 0.000000 0.000000
 2.000000 0.000000 0.000000
