#! FIELDS es hh dhh_es
#! SET normalisation  200.000000
#! SET min_es -0.5
#! SET max_es 2
#! SET nbins_es  1000
#! SET periodic_es false
 -0.500000 0.000000 0.000000
 -0.497500 0.000000 0.000000
 -0.495000 0.000000 0.000000
 -0.492500 0.000000 0.000000
 -0.490000 0.000000 0.000000
 -0.487500 0.000000 0.000000
 -0.485000 0.000000 0.000000
 -0.482500 0.000000 0.000000
 -0.480000 0.000000 0.000000
 -0.477500 0.000000 0.000000
 -0.475000 0.000000 0.000000
 -0.472500 0.000000 0.000000
 -0.470000 0.000000 0.000000
 -0.467500 0.000000 0.000000
 -0.465000 0.000000 0.000000
 -0.462500 0.000000 0.000000
 -0.460000 0.000000 0.000000
 -0.457500 0.000000 0.000000
 -0.455000 0.000000 0.000000
 -0.452500 0.000000 0.000000
 -0.450000 0.000000 0.000000
 -0.447500 0.000000 0.000000
 -0.445000 0.000000 0.000000
 -0.442500 0.000000 0.000000
 -0.440000 0.000000 0.000000
 -0.437500 0.000000 0.000000
 -0.435000 0.000000 0.000000
 -0.432500 0.000000 0.000000
 -0.430000 0.000000 0.000000
 -0.427500 0.000000 0.000000
 -0.425000 0.000000 0.000000
 -0.422500 0.000000 0.000000
 -0.420000 0.000000 0.000000
 -0.417500 0.000000 0.000000
 -0.415000 0.000000 0.000000
 -0.412500 0.000000 0.000000
 -0.410000 0.000000 0.000000
 -0.407500 0.000000 0.000000
 -0.405000 0.000000 0.000000
 -0.402500 0.000000 0.000000
 -0.400000 0.000000 0.000000
 -0.397500 0.000000 0.000000
 -0.395000 0.000000 0.000000
 -0.392500 0.000000 0.000000
 -0.390000 0.000000 0.000000
 -0.387500 0.000000 0.000000
 -0.385000 0.000000 0.000000
 -0.382500 0.000000 0.000000
 -0.380000 0.000000 0.000000
 -0.377500 0.000000 0.000000
 -0.375000 0.000000 0.000000
 -0.372500 0.000000 0.000000
 -0.370000 0.000000 0.000000
 -0.367500 0.000000 0.000000
 -0.365000 0.000000 0.000000
 -0.362500 0.000000 0.000000
 -0.360000 0.000000 0.000000
 -0.357500 0.000000 0.000000
 -0.355000 0.000000 0.000000
 -0.352500 0.000000 0.000000
 -0.350000 0.000000 0.000000
 -0.347500 0.000000 0.000000
 -0.345000 0.000000 0.000000
 -0.342500 0.000000 0.000000
 -0.340000 0.000000 0.000000
 -0.337500 0.000000 0.000000
 -0.335000 0.000000 0.000000
 -0.332500 0.000000 0.000000
 -0.330000 0.000000 0.000000
 -0.327500 0.000000 0.000000
 -0.325000 0.000000 0.000000
 -0.322500 0.000000 0.000000
 -0.320000 0.000000 0.000000
 -0.317500 0.000000 0.000000
 -0.315000 0.000000 0.000000
 -0.312500 0.000000 0.000000
 -0.310000 0.000000 0.000000
 -0.307500 0.000000 0.000000
 -0.305000 0.000000 0.000000
 -0.302500 0.000000 0.000000
 -0.300000 0.000000 0.000000
 -0.297500 0.000000 0.000000
 -0.295000 0.000000 0.000000
 -0.292500 0.000000 0.000000
 -0.290000 0.000000 0.000000
 -0.287500 0.000000 0.000000
 -0.285000 0.000000 0.000000
 -0.282500 0.000000 0.000000
 -0.280000 0.000000 0.000000
 -0.277500 0.000000 0.000000
 -0.275000 0.000000 0.000000
 -0.272500 0.000000 0.000000
 -0.270000 0.000000 0.000000
 -0.267500 0.000000 0.000000
 -0.265000 0.000000 0.000000
 -0.262500 0.000000 0.000000
 -0.260000 0.000000 0.000000
 -0.257500 0.000000 0.000000
 -0.255000 0.000000 0.000000
 -0.252500 0.000000 0.000000
 -0.250000 0.000000 0.000000
 -0.247500 0.000000 0.000000
 -0.245000 0.000000 0.000000
 -0.242500 0.000000 0.000000
 -0.240000 0.000000 0.000000
 -0.237500 0.000000 0.000000
 -0.235000 0.000000 0.000000
 -0.232500 0.000000 0.000000
 -0.230000 0.000000 0.000000
 -0.227500 0.000000 0.000000
 -0.225000 0.000000 0.000000
 -0.222500 0.000000 0.000000
 -0.220000 0.000000 0.000000
 -0.217500 0.000000 0.000000
 -0.215000 0.000000 0.000000
 -0.212500 0.000000 0.000000
 -0.210000 0.000000 0.000000
 -0.207500 0.000000 0.000000
 -0.205000 0.000000 0.000000
 -0.202500 0.000000 0.000000
 -0.200000 0.000000 0.000000
 -0.197500 0.000000 0.000000
 -0.195000 0.000000 0.000000
 -0.192500 0.000000 0.000000
 -0.190000 0.000000 0.000000
 -0.187500 0.000000 0.000000
 -0.185000 0.000000 0.000000
 -0.182500 0.000000 0.000000
 -0.180000 0.000000 0.000000
 -0.177500 0.000000 0.000000
 -0.175000 0.000000 0.000000
 -0.172500 0.000000 0.000000
 -0.170000 0.000000 0.000000
 -0.167500 0.000000 0.000000
 -0.165000 0.000000 0.000000
 -0.162500 0.000000 0.000000
 -0.160000 0.000000 0.000000
 -0.157500 0.000000 0.000000
 -0.155000 0.000000 0.000000
 -0.152500 0.000000 0.000000
 -0.150000 0.000000 0.000000
 -0.147500 0.000000 0.000000
 -0.145000 0.000000 0.000000
 -0.142500 0.000000 0.000000
 -0.140000 0.000000 0.000000
 -0.137500 0.000000 0.000000
 -0.135000 0.000000 0.000000
 -0.132500 0.000000 0.000000
 -0.130000 0.000000 0.000000
 -0.127500 0.000000 0.000000
 -0.125000 0.000000 0.000000
 -0.122500 0.000000 0.000000
 -0.120000 0.000000 0.000000
 -0.117500 0.000000 0.000000
 -0.115000 0.000000 0.000000
 -0.112500 0.000000 0.000000
 -0.110000 0.000000 0.000000
 -0.107500 0.000000 0.000000
 -0.105000 0.000000 0.000000
 -0.102500 0.000000 0.000000
 -0.100000 0.000000 0.000000
 -0.097500 0.000000 0.000000
 -0.095000 0.000000 0.000000
 -0.092500 0.000000 0.000000
 -0.090000 0.000000 0.000000
 -0.087500 0.000000 0.000000
 -0.085000 0.000000 0.000000
 -0.082500 0.000000 0.000000
 -0.080000 0.000000 0.000000
 -0.077500 0.000000 0.000000
 -0.075000 0.000000 0.000000
 -0.072500 0.000000 0.000000
 -0.070000 0.000000 0.000000
 -0.067500 0.000000 0.000000
 -0.065000 0.000000 0.000000
 -0.062500 0.000000 0.000000
 -0.060000 0.000000 0.000000
 -0.057500 0.000000 0.000000
 -0.055000 0.000000 0.000000
 -0.052500 0.000000 0.000000
 -0.050000 0.000000 0.000000
 -0.047500 0.000000 0.000000
 -0.045000 0.000000 0.000000
 -0.042500 0.000000 0.000000
 -0.040000 0.000000 0.000000
 -0.037500 0.000000 0.000000
 -0.035000 0.000000 0.000000
 -0.032500 0.000000 0.000000
 -0.030000 0.000000 0.000000
 -0.027500 0.000000 0.000000
 -0.025000 0.000000 0.000000
 -0.022500 0.000000 0.000000
 -0.020000 0.000000 0.000000
 -0.017500 0.000000 0.000000
 -0.015000 0.000000 0.000000
 -0.012500 0.000000 0.000000
 -0.010000 0.000000 0.000000
 -0.007500 0.000000 0.000000
 -0.005000 0.000000 0.000000
 -0.002500 0.000000 0.000000
 0.000000 0.000000 0.000000
 0.002500 0.000000 0.000000
 0.005000 0.000000 0.000000
 0.007500 0.000000 0.000000
 0.010000 0.000000 0.000000
 0.012500 0.000000 0.000000
 0.015000 0.000000 0.000000
 0.017500 0.000000 0.000000
 0.020000 0.000000 0.000000
 0.022500 0.000000 0.000000
 0.025000 0.000000 0.000000
 0.027500 0.000000 0.000000
 0.030000 0.000000 0.000000
 0.032500 0.000000 0.000000
 0.035000 0.000000 0.000000
 0.037500 0.000000 0.000000
 0.040000 0.000000 0.000000
 0.042500 0.000000 0.000000
 0.045000 0.000000 0.000000
 0.047500 0.000000 0.000000
 0.050000 0.000000 0.000000
 0.052500 0.000000 0.000000
 0.055000 0.000000 0.000000
 0.057500 0.000000 0.000000
 0.060000 0.000000 0.000000
 0.062500 0.000000 0.000000
 0.065000 0.000000 0.000000
 0.067500 0.000000 0.000000
 0.070000 0.000000 0.000000
 0.072500 0.000000 0.000000
 0.075000 0.000000 0.000000
 0.077500 0.000000 0.000000
 0.080000 0.000000 0.000000
 0.082500 0.000000 0.000000
 0.085000 0.000000 0.000000
 0.087500 0.000000 0.000000
 0.090000 0.000000 0.000000
 0.092500 0.000000 0.000000
 0.095000 0.000000 0.000000
 0.097500 0.000000 0.000000
 0.100000 0.000000 0.000000
 0.102500 0.000000 0.000000
 0.105000 0.000000 0.000000
 0.107500 0.000000 0.000000
 0.110000 0.000000 0.000000
 0.112500 0.000000 0.000000
 0.115000 0.000000 0.000000
 0.117500 0.000000 0.000000
 0.120000 0.000000 0.000000
 0.122500 0.000000 0.000000
 0.125000 0.000000 0.000000
 0.127500 0.000000 0.000000
 0.130000 0.000000 0.000000
 0.132500 0.000000 0.000000
 0.135000 0.000000 0.000000
 0.137500 0.000000 0.000000
 0.140000 0.000000 0.000000
 0.142500 0.000000 0.000000
 0.145000 0.000000 0.000000
 0.147500 0.000000 0.000000
 0.150000 0.000000 0.000000
 0.152500 0.000000 0.000000
 0.155000 0.000000 0.000000
 0.157500 0.000000 0.000000
 0.160000 0.000000 0.000000
 0.162500 0.000000 0.000000
 0.165000 0.000000 0.000153
 0.167500 0.000001 0.000372
 0.170000 0.000002 0.000847
 0.172500 0.000006 0.001801
 0.175000 0.000012 0.003575
 0.177500 0.000025 0.006618
 0.180000 0.000047 0.011409
 0.182500 0.000083 0.018283
 0.185000 0.000140 0.027167
 0.187500 0.000220 0.037293
 0.190000 0.000326 0.047043
 0.192500 0.000453 0.054075
 0.195000 0.000592 0.055971
 0.197500 0.000727 0.050691
 0.200000 0.000839 0.037897
 0.202500 0.000912 0.019218
 0.205000 0.000934 -0.001828
 0.207500 0.000904 -0.020681
 0.210000 0.000836 -0.033030
 0.212500 0.000747 -0.036075
 0.215000 0.000663 -0.029341
 0.217500 0.000607 -0.014804
 0.220000 0.000593 0.003784
 0.222500 0.000625 0.021484
 0.225000 0.000696 0.033863
 0.227500 0.000788 0.037887
 0.230000 0.000878 0.032835
 0.232500 0.000946 0.020580
 0.235000 0.000978 0.005111
 0.237500 0.000973 -0.008664
 0.240000 0.000940 -0.016523
 0.242500 0.000897 -0.015934
 0.245000 0.000865 -0.008454
 0.247500 0.000858 0.003362
 0.250000 0.000882 0.014998
 0.252500 0.000930 0.022373
 0.255000 0.000989 0.023736
 0.257500 0.001045 0.020421
 0.260000 0.001090 0.016069
 0.262500 0.001129 0.015860
 0.265000 0.001178 0.024700
 0.267500 0.001263 0.044332
 0.270000 0.001408 0.073308
 0.272500 0.001633 0.107608
 0.275000 0.001944 0.140188
 0.277500 0.002329 0.165903
 0.280000 0.002764 0.180307
 0.282500 0.003221 0.183017
 0.285000 0.003672 0.176762
 0.287500 0.004101 0.165962
 0.290000 0.004502 0.155201
 0.292500 0.004879 0.147124
 0.295000 0.005240 0.141445
 0.297500 0.005585 0.135318
 0.300000 0.005911 0.123545
 0.302500 0.006196 0.101955
 0.305000 0.006411 0.067794
 0.307500 0.006526 0.021231
 0.310000 0.006512 -0.033539
 0.312500 0.006359 -0.088658
 0.315000 0.006079 -0.132918
 0.317500 0.005715 -0.154307
 0.320000 0.005336 -0.142067
 0.322500 0.005038 -0.089683
 0.325000 0.004922 0.004110
 0.327500 0.005085 0.131278
 0.330000 0.005595 0.276834
 0.332500 0.006469 0.419320
 0.335000 0.007670 0.535822
 0.337500 0.009108 0.604798
 0.340000 0.010645 0.613945
 0.342500 0.012127 0.562649
 0.345000 0.013416 0.462342
 0.347500 0.014418 0.336447
 0.350000 0.015102 0.213334
 0.352500 0.015508 0.117862
 0.355000 0.015726 0.065152
 0.357500 0.015872 0.058156
 0.360000 0.016049 0.087330
 0.362500 0.016326 0.135961
 0.365000 0.016732 0.187777
 0.367500 0.017262 0.233189
 0.370000 0.017893 0.269507
 0.372500 0.018609 0.301002
 0.375000 0.019399 0.330544
 0.377500 0.020263 0.359882
 0.380000 0.021196 0.387168
 0.382500 0.022193 0.408661
 0.385000 0.023233 0.423499
 0.387500 0.024308 0.436123
 0.390000 0.025420 0.453879
 0.392500 0.026588 0.482688
 0.395000 0.027843 0.523608
 0.397500 0.029213 0.571414
 0.400000 0.030699 0.614066
 0.402500 0.032271 0.639928
 0.405000 0.033877 0.640324
 0.407500 0.035453 0.617758
 0.410000 0.036959 0.582436
 0.412500 0.038370 0.548205
 0.415000 0.039715 0.527389
 0.417500 0.041028 0.526021
 0.420000 0.042363 0.545592
 0.422500 0.043778 0.590111
 0.425000 0.045340 0.666543
 0.427500 0.047147 0.788368
 0.430000 0.049328 0.965957
 0.432500 0.052024 1.196240
 0.435000 0.055341 1.458159
 0.437500 0.059302 1.702625
 0.440000 0.063794 1.872226
 0.442500 0.068563 1.918739
 0.445000 0.073263 1.818577
 0.447500 0.077548 1.589530
 0.450000 0.081150 1.287125
 0.452500 0.083977 0.979823
 0.455000 0.086109 0.739357
 0.457500 0.087770 0.608692
 0.460000 0.089255 0.595297
 0.462500 0.090828 0.671693
 0.465000 0.092662 0.798354
 0.467500 0.094827 0.934920
 0.470000 0.097324 1.056432
 0.472500 0.100107 1.165737
 0.475000 0.103165 1.282118
 0.477500 0.106550 1.430113
 0.480000 0.110366 1.629899
 0.482500 0.114744 1.880646
 0.485000 0.119793 2.162127
 0.487500 0.125551 2.444377
 0.490000 0.131978 2.686496
 0.492500 0.138931 2.862353
 0.495000 0.146224 2.955056
 0.497500 0.153647 2.968563
 0.500000 0.161030 2.929486
 0.502500 0.168288 2.870227
 0.505000 0.175409 2.832789
 0.507500 0.182500 2.849692
 0.510000 0.189734 2.949276
 0.512500 0.197339 3.149502
 0.515000 0.205571 3.452070
 0.517500 0.214686 3.849654
 0.520000 0.224889 4.320346
 0.522500 0.236325 4.824137
 0.525000 0.249009 5.307599
 0.527500 0.262798 5.701228
 0.530000 0.277399 5.944586
 0.532500 0.292375 6.001499
 0.535000 0.307263 5.870768
 0.537500 0.321615 5.589193
 0.540000 0.335144 5.225615
 0.542500 0.347755 4.872297
 0.545000 0.359593 4.615121
 0.547500 0.370983 4.524948
 0.550000 0.382396 4.633988
 0.552500 0.394337 4.946268
 0.555000 0.407268 5.418706
 0.557500 0.421523 5.993689
 0.560000 0.437250 6.581921
 0.562500 0.454391 7.108002
 0.565000 0.472692 7.506688
 0.567500 0.491796 7.743785
 0.570000 0.511273 7.811782
 0.572500 0.530726 7.730498
 0.575000 0.549823 7.533947
 0.577500 0.568330 7.265027
 0.580000 0.586105 6.954747
 0.582500 0.603095 6.634517
 0.585000 0.619286 6.323858
 0.587500 0.634757 6.062930
 0.590000 0.649672 5.889549
 0.592500 0.664310 5.845252
 0.595000 0.679046 5.979216
 0.597500 0.694380 6.318835
 0.600000 0.710832 6.869362
 0.602500 0.728896 7.606445
 0.605000 0.748992 8.475980
 0.607500 0.771350 9.416620
 0.610000 0.796083 10.366999
 0.612500 0.823156 11.294521
 0.615000 0.852500 12.178916
 0.617500 0.884012 13.028851
 0.620000 0.917641 13.879698
 0.622500 0.953426 14.754208
 0.625000 0.991430 15.651764
 0.627500 1.031646 16.513966
 0.630000 1.073871 17.239628
 0.632500 1.117613 17.689116
 0.635000 1.161997 17.749916
 0.637500 1.205974 17.352220
 0.640000 1.248437 16.565789
 0.642500 1.288620 15.555298
 0.645000 1.326263 14.584042
 0.647500 1.361793 13.899807
 0.650000 1.396184 13.700850
 0.652500 1.430786 14.073409
 0.655000 1.466998 14.988769
 0.657500 1.506060 16.311799
 0.660000 1.548740 17.870045
 0.662500 1.595408 19.447444
 0.665000 1.645852 20.880623
 0.667500 1.699527 22.015372
 0.670000 1.755550 22.731556
 0.672500 1.812768 22.955246
 0.675000 1.869847 22.633480
 0.677500 1.925452 21.782084
 0.680000 1.978332 20.472287
 0.682500 2.027512 18.861235
 0.685000 2.072501 17.159109
 0.687500 2.113421 15.635656
 0.690000 2.151012 14.539298
 0.692500 2.186591 14.064312
 0.695000 2.221878 14.296658
 0.697500 2.258618 15.239816
 0.700000 2.298529 16.805600
 0.702500 2.342965 18.837953
 0.705000 2.392869 21.131651
 0.707500 2.448591 23.450454
 0.710000 2.509858 25.541075
 0.712500 2.575784 27.141739
 0.715000 2.644868 28.032111
 0.717500 2.715183 28.113290
 0.720000 2.784721 27.429859
 0.722500 2.851771 26.192944
 0.725000 2.915338 24.712734
 0.727500 2.975297 23.362652
 0.730000 3.032402 22.451990
 0.732500 3.088006 22.165408
 0.735000 3.143658 22.501259
 0.737500 3.200759 23.293210
 0.740000 3.260176 24.309550
 0.742500 3.322170 25.298680
 0.745000 3.386374 26.059307
 0.747500 3.452051 26.466589
 0.750000 3.518234 26.487163
 0.752500 3.584041 26.150023
 0.755000 3.648653 25.576128
 0.757500 3.711671 24.884502
 0.760000 3.772891 24.196860
 0.762500 3.832494 23.588024
 0.765000 3.890711 23.114833
 0.767500 3.947899 22.739351
 0.770000 4.004213 22.411467
 0.772500 4.059694 22.055753
 0.775000 4.114180 21.599932
 0.777500 4.167302 20.984139
 0.780000 4.218660 20.158956
 0.782500 4.267626 19.090136
 0.785000 4.313573 17.742048
 0.787500 4.355818 16.115285
 0.790000 4.393665 14.248796
 0.792500 4.426589 12.201210
 0.795000 4.454297 10.118879
 0.797500 4.476959 8.195185
 0.800000 4.495227 6.626515
 0.802500 4.510166 5.567006
 0.805000 4.523154 5.073794
 0.807500 4.535577 5.101054
 0.810000 4.548504 5.472917
 0.812500 4.562534 5.919162
 0.815000 4.577480 6.159340
 0.817500 4.592499 5.938723
 0.820000 4.606130 5.052021
 0.822500 4.616557 3.348564
 0.825000 4.621685 0.818003
 0.827500 4.619514 -2.474514
 0.830000 4.608316 -6.356223
 0.832500 4.586910 -10.581721
 0.835000 4.554791 -14.862147
 0.837500 4.512203 -18.926463
 0.840000 4.460018 -22.495021
 0.842500 4.399739 -25.363780
 0.845000 4.333298 -27.406145
 0.847500 4.262800 -28.613327
 0.850000 4.190251 -29.054847
 0.852500 4.117367 -28.934153
 0.855000 4.045213 -28.519874
 0.857500 3.974110 -28.127090
 0.860000 3.903585 -28.109176
 0.862500 3.832363 -28.740293
 0.865000 3.758565 -30.152645
 0.867500 3.680195 -32.382457
 0.870000 3.595406 -35.266358
 0.872500 3.502907 -38.502393
 0.875000 3.402250 -41.689924
 0.877500 3.294089 -44.432326
 0.880000 3.180008 -46.413175
 0.882500 3.062151 -47.448588
 0.885000 2.942875 -47.554980
 0.887500 2.824292 -46.939819
 0.890000 2.707815 -45.917067
 0.892500 2.594099 -44.827915
 0.895000 2.482927 -43.894046
 0.897500 2.373744 -43.261072
 0.900000 2.265748 -42.933542
 0.902500 2.158235 -42.838693
 0.905000 2.050764 -42.892702
 0.907500 1.943099 -43.006929
 0.910000 1.835144 -43.105845
 0.912500 1.726992 -43.154688
 0.915000 1.618803 -43.130489
 0.917500 1.510809 -43.011453
 0.920000 1.403292 -42.769527
 0.922500 1.296584 -42.349477
 0.925000 1.191202 -41.733387
 0.927500 1.087663 -40.866257
 0.930000 0.986627 -39.729311
 0.932500 0.888789 -38.316764
 0.935000 0.794817 -36.637794
 0.937500 0.705358 -34.731921
 0.940000 0.620925 -32.635571
 0.942500 0.541927 -30.388318
 0.945000 0.468707 -28.040603
 0.947500 0.401451 -25.614529
 0.950000 0.340329 -23.151212
 0.952500 0.285391 -20.682633
 0.955000 0.236606 -18.249215
 0.957500 0.193818 -15.888764
 0.960000 0.156801 -13.652499
 0.962500 0.125200 -11.571627
 0.965000 0.098586 -9.665702
 0.967500 0.076517 -7.952529
 0.970000 0.058497 -6.430522
 0.972500 0.044050 -5.102752
 0.975000 0.032686 -3.967084
 0.977500 0.023935 -3.023577
 0.980000 0.017319 -2.260314
 0.982500 0.012405 -1.664043
 0.985000 0.008797 -1.211298
 0.987500 0.006179 -0.879378
 0.990000 0.004281 -0.636380
 0.992500 0.002909 -0.457780
 0.995000 0.001921 -0.322883
 0.997500 0.001235 -0.225542
 1.000000 0.000760 -0.150835
 1.002500 0.000447 -0.096713
 1.005000 0.000249 -0.058646
 1.007500 0.000134 -0.034400
 1.010000 0.000066 -0.018330
 1.012500 0.000032 -0.009675
 1.015000 0.000014 -0.004611
 1.017500 0.000006 -0.002138
 1.020000 0.000002 -0.000663
 1.022500 0.000000 0.000000
 1.025000 0.000000 0.000000
 1.027500 0.000000 0.000000
 1.030000 0.000000 0.000000
 1.032500 0.000000 0.000000
 1.035000 0.000000 0.000000
 1.037500 0.000000 0.000000
 1.040000 0.000000 0.000000
 1.042500 0.000000 0.000000
 1.045000 0.000000 0.000000
 1.047500 0.000000 0.000000
 1.050000 0.000000 0.000000
 1.052500 0.000000 0.000000
 1.055000 0.000000 0.000000
 1.057500 0.000000 0.000000
 1.060000 0.000000 0.000000
 1.062500 0.000000 0.000000
 1.065000 0.000000 0.000000
 1.067500 0.000000 0.000000
 1.070000 0.000000 0.000000
 1.072500 0.000000 0.000000
 1.075000 0.000000 0.000000
 1.077500 0.000000 0.000000
 1.080000 0.000000 0.000000
 1.082500 0.000000 0.000000
 1.085000 0.000000 0.000000
 1.087500 0.000000 0.000000
 1.090000 0.000000 0.000000
 1.092500 0.000000 0.000000
 1.095000 0.000000 0.000000
 1.097500 0.000000 0.000000
 1.100000 0.000000 0.000000
 1.102500 0.000000 0.000000
 1.105000 0.000000 0.000000
 1.107500 0.000000 0.000000
 1.110000 0.000000 0.000000
 1.112500 0.000000 0.000000
 1.115000 0.000000 0.000000
 1.117500 0.000000 0.000000
 1.120000 0.000000 0.000000
 1.122500 0.000000 0.000000
 1.125000 0.000000 0.000000
 1.127500 0.000000 0.000000
 1.130000 0.000000 0.000000
 1.132500 0.000000 0.000000
 1.135000 0.000000 0.000000
 1.137500 0.000000 0.000000
 1.140000 0.000000 0.000000
 1.142500 0.000000 0.000000
 1.145000 0.000000 0.000000
 1.147500 0.000000 0.000000
 1.150000 0.000000 0.000000
 1.152500 0.000000 0.000000
 1.155000 0.000000 0.000000
 1.157500 0.000000 0.000000
 1.160000 0.000000 0.000000
 1.162500 0.000000 0.000000
 1.165000 0.000000 0.000000
 1.167500 0.000000 0.000000
 1.170000 0.000000 0.000000
 1.172500 0.000000 0.000000
 1.175000 0.000000 0.000000
 1.177500 0.000000 0.000000
 1.180000 0.000000 0.000000
 1.182500 0.000000 0.000000
 1.185000 0.000000 0.000000
 1.187500 0.000000 0.000000
 1.190000 0.000000 0.000000
 1.192500 0.000000 0.000000
 1.195000 0.000000 0.000000
 1.197500 0.000000 0.000000
 1.200000 0.000000 0.000000
 1.202500 0.000000 0.000000
 1.205000 0.000000 0.000000
 1.207500 0.000000 0.000000
 1.210000 0.000000 0.000000
 1.212500 0.000000 0.000000
 1.215000 0.000000 0.000000
 1.217500 0.000000 0.000000
 1.220000 0.000000 0.000000
 1.222500 0.000000 0.000000
 1.225000 0.000000 0.000000
 1.227500 0.000000 0.000000
 1.230000 0.000000 0.000000
 1.232500 0.000000 0.000000
 1.235000 0.000000 0.000000
 1.237500 0.000000 0.000000
 1.240000 0.000000 0.000000
 1.242500 0.000000 0.000000
 1.245000 0.000000 0.000000
 1.247500 0.000000 0.000000
 1.250000 0.000000 0.000000
 1.252500 0.000000 0.000000
 1.255000 0.000000 0.000000
 1.257500 0.000000 0.000000
 1.260000 0.000000 0.000000
 1.262500 0.000000 0.000000
 1.265000 0.000000 0.000000
 1.267500 0.000000 0.000000
 1.270000 0.000000 0.000000
 1.272500 0.000000 0.000000
 1.275000 0.000000 0.000000
 1.277500 0.000000 0.000000
 1.280000 0.000000 0.000000
 1.282500 0.000000 0.000000
 1.285000 0.000000 0.000000
 1.287500 0.000000 0.000000
 1.290000 0.000000 0.000000
 1.292500 0.000000 0.000000
 1.295000 0.000000 0.000000
 1.297500 0.000000 0.000000
 1.300000 0.000000 0.000000
 1.302500 0.000000 0.000000
 1.305000 0.000000 0.000000
 1.307500 0.000000 0.000000
 1.310000 0.000000 0.000000
 1.312500 0.000000 0.000000
 1.315000 0.000000 0.000000
 1.317500 0.000000 0.000000
 1.320000 0.000000 0.000000
 1.322500 0.000000 0.000000
 1.325000 0.000000 0.000000
 1.327500 0.000000 0.000000
 1.330000 0.000000 0.000000
 1.332500 0.000000 0.000000
 1.335000 0.000000 0.000000
 1.337500 0.000000 0.000000
 1.340000 0.000000 0.000000
 1.342500 0.000000 0.000000
 1.345000 0.000000 0.000000
 1.347500 0.000000 0.000000
 1.350000 0.000000 0.000000
 1.352500 0.000000 0.000000
 1.355000 0.000000 0.000000
 1.357500 0.000000 0.000000
 1.360000 0.000000 0.000000
 1.362500 0.000000 0.000000
 1.365000 0.000000 0.000000
 1.367500 0.000000 0.000000
 1.370000 0.000000 0.000000
 1.372500 0.000000 0.000000
 1.375000 0.000000 0.000000
 1.377500 0.000000 0.000000
 1.380000 0.000000 0.000000
 1.382500 0.000000 0.000000
 1.385000 0.000000 0.000000
 1.387500 0.000000 0.000000
 1.390000 0.000000 0.000000
 1.392500 0.000000 0.000000
 1.395000 0.000000 0.000000
 1.397500 0.000000 0.000000
 1.400000 0.000000 0.000000
 1.402500 0.000000 0.000000
 1.405000 0.000000 0.000000
 1.407500 0.000000 0.000000
 1.410000 0.000000 0.000000
 1.412500 0.000000 0.000000
 1.415000 0.000000 0.000000
 1.417500 0.000000 0.000000
 1.420000 0.000000 0.000000
 1.422500 0.000000 0.000000
 1.425000 0.000000 0.000000
 1.427500 0.000000 0.000000
 1.430000 0.000000 0.000000
 1.432500 0.000000 0.000000
 1.435000 0.000000 0.000000
 1.437500 0.000000 0.000000
 1.440000 0.000000 0.000000
 1.442500 0.000000 0.000000
 1.445000 0.000000 0.000000
 1.447500 0.000000 0.000000
 1.450000 0.000000 0.000000
 1.452500 0.000000 0.000000
 1.455000 0.000000 0.000000
 1.457500 0.000000 0.000000
 1.460000 0.000000 0.000000
 1.462500 0.000000 0.000000
 1.465000 0.000000 0.000000
 1.467500 0.000000 0.000000
 1.470000 0.000000 0.000000
 1.472500 0.000000 0.000000
 1.475000 0.000000 0.000000
 1.477500 0.000000 0.000000
 1.480000 0.000000 0.000000
 1.482500 0.000000 0.000000
 1.485000 0.000000 0.000000
 1.487500 0.000000 0.000000
 1.490000 0.000000 0.000000
 1.492500 0.000000 0.000000
 1.495000 0.000000 0.000000
 1.497500 0.000000 0.000000
 1.500000 0.000000 0.000000
 1.502500 0.000000 0.000000
 1.505000 0.000000 0.000000
 1.507500 0.000000 0.000000
 1.510000 0.000000 0.000000
 1.512500 0.000000 0.000000
 1.515000 0.000000 0.000000
 1.517500 0.000000 0.000000
 1.520000 0.000000 0.000000
 1.522500 0.000000 0.000000
 1.525000 0.000000 0.000000
 1.527500 0.000000 0.000000
 1.530000 0.000000 0.000000
 1.532500 0.000000 0.000000
 1.535000 0.000000 0.000000
 1.537500 0.000000 0.000000
 1.540000 0.000000 0.000000
 1.542500 0.000000 0.000000
 1.545000 0.000000 0.000000
 1.547500 0.000000 0.000000
 1.550000 0.000000 0.000000
 1.552500 0.000000 0.000000
 1.555000 0.000000 0.000000
 1.557500 0.000000 0.000000
 1.560000 0.000000 0.000000
 1.562500 0.000000 0.000000
 1.565000 0.000000 0.000000
 1.567500 0.000000 0.000000
 1.570000 0.000000 0.000000
 1.572500 0.000000 0.000000
 1.575000 0.000000 0.000000
 1.577500 0.000000 0.000000
 1.580000 0.000000 0.000000
 1.582500 0.000000 0.000000
 1.585000 0.000000 0.000000
 1.587500 0.000000 0.000000
 1.590000 0.000000 0.000000
 1.592500 0.000000 0.000000
 1.595000 0.000000 0.000000
 1.597500 0.000000 0.000000
 1.600000 0.000000 0.000000
 1.602500 0.000000 0.000000
 1.605000 0.000000 0.000000
 1.607500 0.000000 0.000000
 1.610000 0.000000 0.000000
 1.612500 0.000000 0.000000
 1.615000 0.000000 0.000000
 1.617500 0.000000 0.000000
 1.620000 0.000000 0.000000
 1.622500 0.000000 0.000000
 1.625000 0.000000 0.000000
 1.627500 0.000000 0.000000
 1.630000 0.000000 0.000000
 1.632500 0.000000 0.000000
 1.635000 0.000000 0.000000
 1.637500 0.000000 0.000000
 1.640000 0.000000 0.000000
 1.642500 0.000000 0.000000
 1.645000 0.000000 0.000000
 1.647500 0.000000 0.000000
 1.650000 0.000000 0.000000
 1.652500 0.000000 0.000000
 1.655000 0.000000 0.000000
 1.657500 0.000000 0.000000
 1.660000 0.000000 0.000000
 1.662500 0.000000 0.000000
 1.665000 0.000000 0.000000
 1.667500 0.000000 0.000000
 1.670000 0.000000 0.000000
 1.672500 0.000000 0.000000
 1.675000 0.000000 0.000000
 1.677500 0.000000 0.000000
 1.680000 0.000000 0.000000
 1.682500 0.000000 0.000000
 1.685000 0.000000 0.000000
 1.687500 0.000000 0.000000
 1.690000 0.000000 0.000000
 1.692500 0.000000 0.000000
 1.695000 0.000000 0.000000
 1.697500 0.000000 0.000000
 1.700000 0.000000 0.000000
 1.702500 0.000000 0.000000
 1.705000 0.000000 0.000000
 1.707500 0.000000 0.000000
 1.710000 0.000000 0.000000
 1.712500 0.000000 0.000000
 1.715000 0.000000 0.000000
 1.717500 0.000000 0.000000
 1.720000 0.000000 0.000000
 1.722500 0.000000 0.000000
 1.725000 0.000000 0.000000
 1.727500 0.000000 0.000000
 1.730000 0.000000 0.000000
 1.732500 0.000000 0.000000
 1.735000 0.000000 0.000000
 1.737500 0.000000 0.000000
 1.740000 0.000000 0.000000
 1.742500 0.000000 0.000000
 1.745000 0.000000 0.000000
 1.747500 0.000000 0.000000
 1.750000 0.000000 0.000000
 1.752500 0.000000 0.000000
 1.755000 0.000000 0.000000
 1.757500 0.000000 0.000000
 1.760000 0.000000 0.000000
 1.762500 0.000000 0.000000
 1.765000 0.000000 0.000000
 1.767500 0.000000 0.000000
 1.770000 0.000000 0.000000
 1.772500 0.000000 0.000000
 1.775000 0.000000 0.000000
 1.777500 0.000000 0.000000
 1.780000 0.000000 0.000000
 1.782500 0.000000 0.000000
 1.785000 0.000000 0.000000
 1.787500 0.000000 0.000000
 1.790000 0.000000 0.000000
 1.792500 0.000000 0.000000
 1.795000 0.000000 0.000000
 1.797500 0.000000 0.000000
 1.800000 0.000000 0.000000
 1.802500 0.000000 0.000000
 1.805000 0.000000 0.000000
 1.807500 0.000000 0.000000
 1.810000 0.000000 0.000000
 1.812500 0.000000 0.000000
 1.815000 0.000000 0.000000
 1.817500 0.000000 0.000000
 1.820000 0.000000 0.000000
 1.822500 0.000000 0.000000
 1.825000 0.000000 0.000000
 1.827500 0.000000 0.000000
 1.830000 0.000000 0.000000
 1.832500 0.000000 0.000000
 1.835000 0.000000 0.000000
 1.837500 0.000000 0.000000
 1.840000 0.000000 0.000000
 1.842500 0.000000 0.000000
 1.845000 0.000000 0.000000
 1.847500 0.000000 0.000000
 1.850000 0.000000 0.000000
 1.852500 0.000000 0.000000
 1.855000 0.000000 0.000000
 1.857500 0.000000 0.000000
 1.860000 0.000000 0.000000
 1.862500 0.000000 0.000000
 1.865000 0.000000 0.000000
 1.867500 0.000000 0.000000
 1.870000 0.000000 0.000000
 1.872500 0.000000 0.000000
 1.875000 0.000000 0.000000
 1.877500 0.000000 0.000000
 1.880000 0.000000 0.000000
 1.882500 0.000000 0.000000
 1.885000 0.000000 0.000000
 1.887500 0.000000 0.000000
 1.890000 0.000000 0.000000
 1.892500 0.000000 0.000000
 1.895000 0.000000 0.000000
 1.897500 0.000000 0.000000
 1.900000 0.000000 0.000000
 1.902500 0.000000 0.000000
 1.905000 0.000000 0.000000
 1.907500 0.000000 0.000000
 1.910000 0.000000 0.000000
 1.912500 0.000000 0.000000
 1.915000 0.000000 0.000000
 1.917500 0.000000 0.000000
 1.920000 0.000000 0.000000
 1.922500 0.000000 0.000000
 1.925000 0.000000 0.000000
 1.927500 0.000000 0.000000
 1.930000 0.000000 0.000000
 1.932500 0.000000 0.000000
 1.935000 0.000000 0.000000
 1.937500 0.000000 0.000000
 1.940000 0.000000 0.000000
 1.942500 0.000000 0.000000
 1.945000 0.000000 0.000000
 1.947500 0.000000 0.000000
 1.950000 0.000000 0.000000
 1.952500 0.000000 0.000000
 1.955000 0.000000 0.000000
 1.957500 0.000000 0.000000
 1.960000 0.000000 0.000000
 1.962500 0.000000 0.000000
 1.965000 0.000000 0.000000
 1.967500 0.000000 0.000000
 1.970000 0.000000 0.000000
 1.972500 0.000000 0.000000
 1.975000 0.000000 0.000000
 1.977500 0.000000 0.000000
 1.980000 0.000000 0.000000
 1.982500 0.000000 0.000000
 1.985000 0.000000 0.000000
 1.987500 0.000000 0.000000
 1.990000 0.000000 0.000000
 1.992500 0.000000 0.000000
 1.995000 0.000000 0.000000
 1.997500 0.000000 0.000000
 2.000000 0.000000 0.000000
