#! FIELDS es hh dhh_es
#! SET normalisation  200.000000
#! SET min_es -0.5
#! SET max_es 2
#! SET nbins_es  1000
#! SET periodic_es false
 -0.500000 0.000000 0.000000
 -0.497500 0.000000 0.000000
 -0.495000 0.000000 0.000000
 -0.492500 0.000000 0.000000
 -0.490000 0.000000 0.000000
 -0.487500 0.000000 0.000000
 -0.485000 0.000000 0.000000
 -0.482500 0.000000 0.000000
 -0.480000 0.000000 0.000000
 -0.477500 0.000000 0.000000
 -0.475000 0.000000 0.000000
 -0.472500 0.000000 0.000000
 -0.470000 0.000000 0.000000
 -0.467500 0.000000 0.000000
 -0.465000 0.000000 0.000000
 -0.462500 0.000000 0.000000
 -0.460000 0.000000 0.000000
 -0.457500 0.000000 0.000000
 -0.455000 0.000000 0.000000
 -0.452500 0.000000 0.000000
 -0.450000 0.000000 0.000000
 -0.447500 0.000000 0.000000
 -0.445000 0.000000 0.000000
 -0.442500 0.000000 0.000000
 -0.440000 0.000000 0.000000
 -0.437500 0.000000 0.000000
 -0.435000 0.000000 0.000000
 -0.432500 0.000000 0.000000
 -0.430000 0.000000 0.000000
 -0.427500 0.000000 0.000000
 -0.425000 0.000000 0.000000
 -0.422500 0.000000 0.000000
 -0.420000 0.000000 0.000000
 -0.417500 0.000000 0.000000
 -0.415000 0.000000 0.000000
 -0.412500 0.000000 0.000000
 -0.410000 0.000000 0.000000
 -0.407500 0.000000 0.000000
 -0.405000 0.000000 0.000000
 -0.402500 0.000000 0.000000
 -0.400000 0.000000 0.000000
 -0.397500 0.000000 0.000000
 -0.395000 0.000000 0.000000
 -0.392500 0.000000 0.000000
 -0.390000 0.000000 0.000000
 -0.387500 0.000000 0.000000
 -0.385000 0.000000 0.000000
 -0.382500 0.000000 0.000000
 -0.380000 0.000000 0.000000
 -0.377500 0.000000 0.000000
 -0.375000 0.000000 0.000000
 -0.372500 0.000000 0.000000
 -0.370000 0.000000 0.000000
 -0.367500 0.000000 0.000000
 -0.365000 0.000000 0.000000
 -0.362500 0.000000 0.000000
 -0.360000 0.000000 0.000000
 -0.357500 0.000000 0.000000
 -0.355000 0.000000 0.000000
 -0.352500 0.000000 0.000000
 -0.350000 0.000000 0.000000
 -0.347500 0.000000 0.000000
 -0.345000 0.000000 0.000000
 -0.342500 0.000000 0.000000
 -0.340000 0.000000 0.000000
 -0.337500 0.000000 0.000000
 -0.335000 0.000000 0.000000
 -0.332500 0.000000 0.000000
 -0.330000 0.000000 0.000000
 -0.327500 0.000000 0.000000
 -0.325000 0.000000 0.000000
 -0.322500 0.000000 0.000000
 -0.320000 0.000000 0.000000
 -0.317500 0.000000 0.000000
 -0.315000 0.000000 0.000000
 -0.312500 0.000000 0.000000
 -0.310000 0.000000 0.000000
 -0.307500 0.000000 0.000000
 -0.305000 0.000000 0.000000
 -0.302500 0.000000 0.000000
 -0.300000 0.000000 0.000000
 -0.297500 0.000000 0.000000
 -0.295000 0.000000 0.000000
 -0.292500 0.000000 0.000000
 -0.290000 0.000000 0.000000
 -0.287500 0.000000 0.000000
 -0.285000 0.000000 0.000000
 -0.282500 0.000000 0.000000
 -0.280000 0.000000 0.000000
 -0.277500 0.000000 0.000000
 -0.275000 0.000000 0.000000
 -0.272500 0.000000 0.000000
 -0.270000 0.000000 0.000000
 -0.267500 0.000000 0.000000
 -0.265000 0.000000 0.000000
 -0.262500 0.000000 0.000000
 -0.260000 0.000000 0.000000
 -0.257500 0.000000 0.000000
 -0.255000 0.000000 0.000000
 -0.252500 0.000000 0.000000
 -0.250000 0.000000 0.000000
 -0.247500 0.000000 0.000000
 -0.245000 0.000000 0.000000
 -0.242500 0.000000 0.000000
 -0.240000 0.000000 0.000000
 -0.237500 0.000000 0.000000
 -0.235000 0.000000 0.000000
 -0.232500 0.000000 0.000000
 -0.230000 0.000000 0.000000
 -0.227500 0.000000 0.000000
 -0.225000 0.000000 0.000000
 -0.222500 0.000000 0.000000
 -0.220000 0.000000 0.000000
 -0.217500 0.000000 0.000000
 -0.215000 0.000000 0.000000
 -0.212500 0.000000 0.000000
 -0.210000 0.000000 0.000000
 -0.207500 0.000000 0.000000
 -0.205000 0.000000 0.000000
 -0.202500 0.000000 0.000000
 -0.200000 0.000000 0.000000
 -0.197500 0.000000 0.000000
 -0.195000 0.000000 0.000000
 -0.192500 0.000000 0.000000
 -0.190000 0.000000 0.000000
 -0.187500 0.000000 0.000000
 -0.185000 0.000000 0.000000
 -0.182500 0.000000 0.000000
 -0.180000 0.000000 0.000000
 -0.177500 0.000000 0.000000
 -0.175000 0.000000 0.000000
 -0.172500 0.000000 0.000000
 -0.170000 0.000000 0.000000
 -0.167500 0.000000 0.000000
 -0.165000 0.000000 0.000000
 -0.162500 0.000000 0.000000
 -0.160000 0.000000 0.000000
 -0.157500 0.000000 0.000000
 -0.155000 0.000000 0.000000
 -0.152500 0.000000 0.000000
 -0.150000 0.000000 0.000000
 -0.147500 0.000000 0.000000
 -0.145000 0.000000 0.000000
 -0.142500 0.000000 0.000000
 -0.140000 0.000000 0.000000
 -0.137500 0.000000 0.000000
 -0.135000 0.000000 0.000000
 -0.132500 0.000000 0.000000
 -0.130000 0.000000 0.000000
 -0.127500 0.000000 0.000000
 -0.125000 0.000000 0.000000
 -0.122500 0.000000 0.000000
 -0.120000 0.000000 0.000000
 -0.117500 0.000000 0.000000
 -0.115000 0.000000 0.000000
 -0.112500 0.000000 0.000000
 -0.110000 0.000000 0.000000
 -0.107500 0.000000 0.000000
 -0.105000 0.000000 0.000000
 -0.102500 0.000000 0.000000
 -0.100000 0.000000 0.000000
 -0.097500 0.000000 0.000000
 -0.095000 0.000000 0.000000
 -0.092500 0.000000 0.000000
 -0.090000 0.000000 0.000000
 -0.087500 0.000000 0.000000
 -0.085000 0.000000 0.000000
 -0.082500 0.000000 0.000000
 -0.080000 0.000000 0.000000
 -0.077500 0.000000 0.000000
 -0.075000 0.000000 0.000000
 -0.072500 0.000000 0.000000
 -0.070000 0.000000 0.000000
 -0.067500 0.000000 0.000000
 -0.065000 0.000000 0.000000
 -0.062500 0.000000 0.000000
 -0.060000 0.000000 0.000000
 -0.057500 0.000000 0.000000
 -0.055000 0.000000 0.000000
 -0.052500 0.000000 0.000000
 -0.050000 0.000000 0.000000
 -0.047500 0.000000 0.000000
 -0.045000 0.000000 0.000000
 -0.042500 0.000000 0.000000
 -0.040000 0.000000 0.000000
 -0.037500 0.000000 0.000000
 -0.035000 0.000000 0.000000
 -0.032500 0.000000 0.000000
 -0.030000 0.000000 0.000000
 -0.027500 0.000000 0.000000
 -0.025000 0.000000 0.000000
 -0.022500 0.000000 0.000000
 -0.020000 0.000000 0.000000
 -0.017500 0.000000 0.000000
 -0.015000 0.000000 0.000000
 -0.012500 0.000000 0.000000
 -0.010000 0.000000 0.000000
 -0.007500 0.000000 0.000000
 -0.005000 0.000000 0.000000
 -0.002500 0.000000 0.000000
 0.000000 0.000000 0.000000
 0.002500 0.000000 0.000000
 0.005000 0.000000 0.000000
 0.007500 0.000000 0.000000
 0.010000 0.000000 0.000000
 0.012500 0.000000 0.000000
 0.015000 0.000000 0.000000
 0.017500 0.000000 0.000000
 0.020000 0.000000 0.000000
 0.022500 0.000000 0.000000
 0.025000 0.000000 0.000000
 0.027500 0.000000 0.000000
 0.030000 0.000000 0.000000
 0.032500 0.000000 0.000000
 0.035000 0.000000 0.000000
 0.037500 0.000000 0.000000
 0.040000 0.000000 0.000000
 0.042500 0.000000 0.000000
 0.045000 0.000000 0.000000
 0.047500 0.000000 0.000000
 0.050000 0.000000 0.000000
 0.052500 0.000000 0.000000
 0.055000 0.000000 0.000000
 0.057500 0.000000 0.000000
 0.060000 0.000000 0.000000
 0.062500 0.000000 0.000000
 0.065000 0.000000 0.000000
 0.067500 0.000000 0.000000
 0.070000 0.000000 0.000000
 0.072500 0.000000 0.000000
 0.075000 0.000000 0.000000
 0.077500 0.000000 0.000000
 0.080000 0.000000 0.000000
 0.082500 0.000000 0.000000
 0.085000 0.000000 0.000000
 0.087500 0.000000 0.000000
 0.090000 0.000000 0.000000
 0.092500 0.000000 0.000000
 0.095000 0.000000 0.000000
 0.097500 0.000000 0.000000
 0.100000 0.000000 0.000000
 0.102500 0.000000 0.000000
 0.105000 0.000000 0.000000
 0.107500 0.000000 0.000000
 0.110000 0.000000 0.000000
 0.112500 0.000000 0.000000
 0.115000 0.000000 0.000000
 0.117500 0.000000 0.000000
 0.120000 0.000000 0.000000
 0.122500 0.000000 0.000000
 0.125000 0.000000 0.000000
 0.127500 0.000000 0.000000
 0.130000 0.000000 0.000000
 0.132500 0.000000 0.000000
 0.135000 0.000000 0.000000
 0.137500 0.000000 0.000000
 0.140000 0.000000 0.000000
 0.142500 0.000000 0.000000
 0.145000 0.000000 0.000000
 0.147500 0.000000 0.000000
 0.150000 0.000000 0.000000
 0.152500 0.000000 0.000000
 0.155000 0.000000 0.000000
 0.157500 0.000000 0.000000
 0.160000 0.000000 0.000000
 0.162500 0.000000 0.000000
 0.165000 0.000000 0.000000
 0.167500 0.000000 0.000000
 0.170000 0.000000 0.000000
 0.172500 0.000000 0.000000
 0.175000 0.000000 0.000000
 0.177500 0.000000 0.000000
 0.180000 0.000000 0.000000
 0.182500 0.000000 0.000000
 0.185000 0.000000 0.000000
 0.187500 0.000000 0.000000
 0.190000 0.000000 0.000000
 0.192500 0.000000 0.000000
 0.195000 0.000000 0.000000
 0.197500 0.000000 0.000000
 0.200000 0.000000 0.000000
 0.202500 0.000000 0.000000
 0.205000 0.000000 0.000000
 0.207500 0.000000 0.000000
 0.210000 0.000000 0.000000
 0.212500 0.000000 0.000000
 0.215000 0.000000 0.000000
 0.217500 0.000000 0.000000
 0.220000 0.000000 0.000000
 0.222500 0.000000 0.000000
 0.225000 0.000000 0.000000
 0.227500 0.000000 0.000000
 0.230000 0.000000 0.000000
 0.232500 0.000000 0.000000
 0.235000 0.000000 0.000000
 0.237500 0.000000 0.000000
 0.240000 0.000000 0.000000
 0.242500 0.000000 0.000000
 0.245000 0.000000 0.000000
 0.247500 0.000000 0.000000
 0.250000 0.000000 0.000000
 0.252500 0.000000 0.000000
 0.255000 0.000000 0.000000
 0.257500 0.000000 0.000000
 0.260000 0.000000 0.000000
 0.262500 0.000000 0.000000
 0.265000 0.000001 0.000250
 0.267500 0.000002 0.000586
 0.270000 0.000004 0.001286
 0.272500 0.000009 0.002634
 0.275000 0.000018 0.005035
 0.277500 0.000035 0.008969
 0.280000 0.000064 0.014867
 0.282500 0.000111 0.022877
 0.285000 0.000180 0.032582
 0.287500 0.000275 0.042759
 0.290000 0.000393 0.051357
 0.292500 0.000528 0.055829
 0.295000 0.000667 0.054066
 0.297500 0.000792 0.044643
 0.300000 0.000884 0.028332
 0.302500 0.000930 0.007851
 0.305000 0.000924 -0.012574
 0.307500 0.000871 -0.028346
 0.310000 0.000789 -0.035838
 0.312500 0.000700 -0.033456
 0.315000 0.000629 -0.022091
 0.317500 0.000595 -0.004875
 0.320000 0.000606 0.013626
 0.322500 0.000660 0.028531
 0.325000 0.000742 0.035838
 0.327500 0.000831 0.033422
 0.330000 0.000901 0.021601
 0.332500 0.000934 0.003269
 0.335000 0.000916 -0.017460
 0.337500 0.000849 -0.035750
 0.340000 0.000743 -0.047717
 0.342500 0.000617 -0.051062
 0.345000 0.000494 -0.045989
 0.347500 0.000394 -0.033287
 0.350000 0.000332 -0.015498
 0.352500 0.000319 0.005179
 0.355000 0.000358 0.026147
 0.357500 0.000448 0.045287
 0.360000 0.000582 0.060712
 0.362500 0.000749 0.071500
 0.365000 0.000936 0.077135
 0.367500 0.001131 0.078620
 0.370000 0.001328 0.078529
 0.372500 0.001525 0.079554
 0.375000 0.001728 0.083743
 0.377500 0.001948 0.092867
 0.380000 0.002197 0.107335
 0.382500 0.002490 0.126898
 0.385000 0.002836 0.150392
 0.387500 0.003245 0.176679
 0.390000 0.003720 0.202961
 0.392500 0.004257 0.225545
 0.395000 0.004840 0.239172
 0.397500 0.005440 0.238266
 0.400000 0.006016 0.219088
 0.402500 0.006520 0.180935
 0.405000 0.006909 0.128046
 0.407500 0.007154 0.067562
 0.410000 0.007248 0.008495
 0.412500 0.007204 -0.042498
 0.415000 0.007047 -0.081732
 0.417500 0.006807 -0.108554
 0.420000 0.006515 -0.124152
 0.422500 0.006198 -0.128427
 0.425000 0.005885 -0.118732
 0.427500 0.005620 -0.090365
 0.430000 0.005455 -0.037733
 0.432500 0.005454 0.041196
 0.435000 0.005683 0.145279
 0.437500 0.006197 0.266817
 0.440000 0.007022 0.393695
 0.442500 0.008157 0.511316
 0.445000 0.009559 0.604680
 0.447500 0.011150 0.662857
 0.450000 0.012835 0.678355
 0.452500 0.014506 0.651637
 0.455000 0.016065 0.589187
 0.457500 0.017433 0.501704
 0.460000 0.018567 0.403646
 0.462500 0.019455 0.307665
 0.465000 0.020114 0.221903
 0.467500 0.020578 0.151025
 0.470000 0.020887 0.097850
 0.472500 0.021085 0.063460
 0.475000 0.021226 0.053178
 0.477500 0.021383 0.077012
 0.480000 0.021650 0.142516
 0.482500 0.022134 0.252690
 0.485000 0.022946 0.399824
 0.487500 0.024151 0.563953
 0.490000 0.025755 0.715942
 0.492500 0.027695 0.827560
 0.495000 0.029847 0.883343
 0.497500 0.032065 0.882646
 0.500000 0.034223 0.837927
 0.502500 0.036237 0.769290
 0.505000 0.038069 0.695028
 0.507500 0.039722 0.626910
 0.510000 0.041216 0.568067
 0.512500 0.042576 0.523462
 0.515000 0.043852 0.501651
 0.517500 0.045124 0.522606
 0.520000 0.046523 0.611217
 0.522500 0.048252 0.785957
 0.525000 0.050530 1.047770
 0.527500 0.053548 1.371632
 0.530000 0.057404 1.706842
 0.532500 0.062040 1.988202
 0.535000 0.067249 2.153531
 0.537500 0.072681 2.165105
 0.540000 0.077944 2.020596
 0.542500 0.082683 1.752772
 0.545000 0.086661 1.422386
 0.547500 0.089802 1.098653
 0.550000 0.092210 0.842777
 0.552500 0.094117 0.700573
 0.555000 0.095831 0.692894
 0.557500 0.097684 0.810112
 0.560000 0.099965 1.022081
 0.562500 0.102848 1.287653
 0.565000 0.106412 1.557208
 0.567500 0.110616 1.793012
 0.570000 0.115344 1.979154
 0.572500 0.120494 2.130989
 0.575000 0.126006 2.279428
 0.577500 0.131920 2.464255
 0.580000 0.138377 2.714087
 0.582500 0.145552 3.031303
 0.585000 0.153575 3.387981
 0.587500 0.162481 3.728516
 0.590000 0.172174 4.004035
 0.592500 0.182431 4.175826
 0.595000 0.192964 4.231237
 0.597500 0.203522 4.198116
 0.600000 0.213943 4.131695
 0.602500 0.224223 4.101451
 0.605000 0.234553 4.177271
 0.607500 0.245268 4.416078
 0.610000 0.256798 4.829038
 0.612500 0.269545 5.388066
 0.615000 0.283802 6.016096
 0.617500 0.299611 6.610584
 0.620000 0.316762 7.075233
 0.622500 0.334847 7.348422
 0.625000 0.353363 7.423241
 0.627500 0.371853 7.347733
 0.630000 0.390054 7.208418
 0.632500 0.407929 7.095336
 0.635000 0.425615 7.063597
 0.637500 0.443361 7.140985
 0.640000 0.461420 7.310392
 0.642500 0.479985 7.543605
 0.645000 0.499168 7.810502
 0.647500 0.519062 8.098729
 0.650000 0.539708 8.418617
 0.652500 0.561190 8.764955
 0.655000 0.583588 9.146770
 0.657500 0.606968 9.552174
 0.660000 0.631377 9.961212
 0.662500 0.656744 10.320153
 0.665000 0.682896 10.568011
 0.667500 0.709478 10.658181
 0.670000 0.736032 10.556387
 0.672500 0.762145 10.297589
 0.675000 0.787517 9.995050
 0.677500 0.812256 9.818703
 0.680000 0.836901 9.947523
 0.682500 0.862379 10.506138
 0.685000 0.889836 11.530455
 0.687500 0.920359 12.933770
 0.690000 0.954725 14.570739
 0.692500 0.993272 16.253116
 0.695000 1.035917 17.830086
 0.697500 1.082271 19.207666
 0.700000 1.131782 20.355794
 0.702500 1.183888 21.291727
 0.705000 1.238114 22.035657
 0.707500 1.293968 22.608812
 0.710000 1.351033 23.009625
 0.712500 1.408886 23.225089
 0.715000 1.467033 23.266852
 0.717500 1.525125 23.189257
 0.720000 1.582978 23.095082
 0.722500 1.640752 23.142554
 0.725000 1.698989 23.495578
 0.727500 1.758598 24.247825
 0.730000 1.820602 25.395770
 0.732500 1.885820 26.804750
 0.735000 1.954674 28.239916
 0.737500 2.026834 29.422049
 0.740000 2.101338 30.064436
 0.742500 2.176617 30.022944
 0.745000 2.250875 29.276055
 0.747500 2.322542 27.976180
 0.750000 2.390583 26.448916
 0.752500 2.454936 25.090462
 0.755000 2.516513 24.291196
 0.757500 2.577096 24.348942
 0.760000 2.639018 25.361436
 0.762500 2.704597 27.248035
 0.765000 2.775724 29.736945
 0.767500 2.853457 32.464853
 0.770000 2.937882 35.024837
 0.772500 3.028153 37.086411
 0.775000 3.122695 38.420308
 0.777500 3.219522 38.923776
 0.780000 3.316621 38.667639
 0.782500 3.412319 37.851294
 0.785000 3.505567 36.755281
 0.787500 3.596083 35.732341
 0.790000 3.684413 35.059909
 0.792500 3.771737 34.939602
 0.795000 3.859525 35.420284
 0.797500 3.949165 36.380742
 0.800000 4.041575 37.600280
 0.802500 4.137078 38.807066
 0.805000 4.235326 39.771765
 0.807500 4.335498 40.362142
 0.810000 4.436659 40.546655
 0.812500 4.537846 40.419083
 0.815000 4.638388 40.078879
 0.817500 4.737942 39.610787
 0.820000 4.836168 39.044606
 0.822500 4.932779 38.298424
 0.825000 5.027175 37.262151
 0.827500 5.118475 35.800627
 0.830000 5.205497 33.839757
 0.832500 5.286930 31.327020
 0.835000 5.361451 28.348813
 0.837500 5.428138 25.074914
 0.840000 5.486499 21.756572
 0.842500 5.536735 18.650488
 0.845000 5.579745 16.016850
 0.847500 5.616954 14.016506
 0.850000 5.649993 12.694940
 0.852500 5.680411 11.911115
 0.855000 5.709274 11.366340
 0.857500 5.736617 10.647644
 0.860000 5.761426 9.270025
 0.862500 5.781498 6.809768
 0.865000 5.793819 3.038440
 0.867500 5.795007 -2.058449
 0.870000 5.782020 -8.229781
 0.872500 5.752683 -14.989264
 0.875000 5.706327 -21.765072
 0.877500 5.643625 -27.953139
 0.880000 5.566672 -33.099667
 0.882500 5.478408 -36.987900
 0.885000 5.381940 -39.696088
 0.887500 5.279840 -41.548781
 0.890000 5.173671 -43.039956
 0.892500 5.063666 -44.727822
 0.895000 4.948714 -47.029466
 0.897500 4.826925 -50.201436
 0.900000 4.696108 -54.199418
 0.902500 4.554549 -58.739628
 0.905000 4.401457 -63.338609
 0.907500 4.237307 -67.460036
 0.910000 4.063888 -70.714961
 0.912500 3.883699 -72.875756
 0.915000 3.699460 -73.942915
 0.917500 3.513683 -74.168537
 0.920000 3.328109 -73.882097
 0.922500 3.143555 -73.385174
 0.925000 2.960208 -72.932708
 0.927500 2.777819 -72.657412
 0.930000 2.595929 -72.546807
 0.932500 2.414181 -72.503411
 0.935000 2.232560 -72.404335
 0.937500 2.051410 -72.118444
 0.940000 1.871408 -71.511732
 0.942500 1.693448 -70.424719
 0.945000 1.518895 -68.796235
 0.947500 1.349197 -66.552404
 0.950000 1.185944 -63.669875
 0.952500 1.030700 -60.154964
 0.955000 0.884993 -56.079374
 0.957500 0.750105 -51.531015
 0.960000 0.627047 -46.625675
 0.962500 0.516566 -41.519138
 0.965000 0.418991 -36.349266
 0.967500 0.334286 -31.249389
 0.970000 0.262112 -26.358748
 0.972500 0.201800 -21.790251
 0.975000 0.152426 -17.636630
 0.977500 0.112862 -13.957860
 0.980000 0.081878 -10.793414
 0.982500 0.058170 -8.146075
 0.985000 0.040466 -5.998934
 0.987500 0.027563 -4.310464
 0.990000 0.018383 -3.023191
 0.992500 0.012000 -2.070949
 0.995000 0.007666 -1.388209
 0.997500 0.004778 -0.907825
 1.000000 0.002901 -0.580154
 1.002500 0.001715 -0.363102
 1.005000 0.000980 -0.220341
 1.007500 0.000536 -0.127800
 1.010000 0.000281 -0.071510
 1.012500 0.000139 -0.037591
 1.015000 0.000066 -0.019110
 1.017500 0.000029 -0.008930
 1.020000 0.000012 -0.004080
 1.022500 0.000005 -0.001871
 1.025000 0.000000 0.000000
 1.027500 0.000000 0.000000
 1.030000 0.000000 0.000000
 1.032500 0.000000 0.000000
 1.035000 0.000000 0.000000
 1.037500 0.000000 0.000000
 1.040000 0.000000 0.000000
 1.042500 0.000000 0.000000
 1.045000 0.000000 0.000000
 1.047500 0.000000 0.000000
 1.050000 0.000000 0.000000
 1.052500 0.000000 0.000000
 1.055000 0.000000 0.000000
 1.057500 0.000000 0.000000
 1.060000 0.000000 0.000000
 1.062500 0.000000 0.000000
 1.065000 0.000000 0.000000
 1.067500 0.000000 0.000000
 1.070000 0.000000 0.000000
 1.072500 0.000000 0.000000
 1.075000 0.000000 0.000000
 1.077500 0.000000 0.000000
 1.080000 0.000000 0.000000
 1.082500 0.000000 0.000000
 1.085000 0.000000 0.000000
 1.087500 0.000000 0.000000
 1.090000 0.000000 0.000000
 1.092500 0.000000 0.000000
 1.095000 0.000000 0.000000
 1.097500 0.000000 0.000000
 1.100000 0.000000 0.000000
 1.102500 0.000000 0.000000
 1.105000 0.000000 0.000000
 1.107500 0.000000 0.000000
 1.110000 0.000000 0.000000
 1.112500 0.000000 0.000000
 1.115000 0.000000 0.000000
 1.117500 0.000000 0.000000
 1.120000 0.000000 0.000000
 1.122500 0.000000 0.000000
 1.125000 0.000000 0.000000
 1.127500 0.000000 0.000000
 1.130000 0.000000 0.000000
 1.132500 0.000000 0.000000
 1.135000 0.000000 0.000000
 1.137500 0.000000 0.000000
 1.140000 0.000000 0.000000
 1.142500 0.000000 0.000000
 1.145000 0.000000 0.000000
 1.147500 0.000000 0.000000
 1.150000 0.000000 0.000000
 1.152500 0.000000 0.000000
 1.155000 0.000000 0.000000
 1.157500 0.000000 0.000000
 1.160000 0.000000 0.000000
 1.162500 0.000000 0.000000
 1.165000 0.000000 0.000000
 1.167500 0.000000 0.000000
 1.170000 0.000000 0.000000
 1.172500 0.000000 0.000000
 1.175000 0.000000 0.000000
 1.177500 0.000000 0.000000
 1.180000 0.000000 0.000000
 1.182500 0.000000 0.000000
 1.185000 0.000000 0.000000
 1.187500 0.000000 0.000000
 1.190000 0.000000 0.000000
 1.192500 0.000000 0.000000
 1.195000 0.000000 0.000000
 1.197500 0.000000 0.000000
 1.200000 0.000000 0.000000
 1.202500 0.000000 0.000000
 1.205000 0.000000 0.000000
 1.207500 0.000000 0.000000
 1.210000 0.000000 0.000000
 1.212500 0.000000 0.000000
 1.215000 0.000000 0.000000
 1.217500 0.000000 0.000000
 1.220000 0.000000 0.000000
 1.222500 0.000000 0.000000
 1.225000 0.000000 0.000000
 1.227500 0.000000 0.000000
 1.230000 0.000000 0.000000
 1.232500 0.000000 0.000000
 1.235000 0.000000 0.000000
 1.237500 0.000000 0.000000
 1.240000 0.000000 0.000000
 1.242500 0.000000 0.000000
 1.245000 0.000000 0.000000
 1.247500 0.000000 0.000000
 1.250000 0.000000 0.000000
 1.252500 0.000000 0.000000
 1.255000 0.000000 0.000000
 1.257500 0.000000 0.000000
 1.260000 0.000000 0.000000
 1.262500 0.000000 0.000000
 1.265000 0.000000 0.000000
 1.267500 0.000000 0.000000
 1.270000 0.000000 0.000000
 1.272500 0.000000 0.000000
 1.275000 0.000000 0.000000
 1.277500 0.000000 0.000000
 1.280000 0.000000 0.000000
 1.282500 0.000000 0.000000
 1.285000 0.000000 0.000000
 1.287500 0.000000 0.000000
 1.290000 0.000000 0.000000
 1.292500 0.000000 0.000000
 1.295000 0.000000 0.000000
 1.297500 0.000000 0.000000
 1.300000 0.000000 0.000000
 1.302500 0.000000 0.000000
 1.305000 0.000000 0.000000
 1.307500 0.000000 0.000000
 1.310000 0.000000 0.000000
 1.312500 0.000000 0.000000
 1.315000 0.000000 0.000000
 1.317500 0.000000 0.000000
 1.320000 0.000000 0.000000
 1.322500 0.000000 0.000000
 1.325000 0.000000 0.000000
 1.327500 0.000000 0.000000
 1.330000 0.000000 0.000000
 1.332500 0.000000 0.000000
 1.335000 0.000000 0.000000
 1.337500 0.000000 0.000000
 1.340000 0.000000 0.000000
 1.342500 0.000000 0.000000
 1.345000 0.000000 0.000000
 1.347500 0.000000 0.000000
 1.350000 0.000000 0.000000
 1.352500 0.000000 0.000000
 1.355000 0.000000 0.000000
 1.357500 0.000000 0.000000
 1.360000 0.000000 0.000000
 1.362500 0.000000 0.000000
 1.365000 0.000000 0.000000
 1.367500 0.000000 0.000000
 1.370000 0.000000 0.000000
 1.372500 0.000000 0.000000
 1.375000 0.000000 0.000000
 1.377500 0.000000 0.000000
 1.380000 0.000000 0.000000
 1.382500 0.000000 0.000000
 1.385000 0.000000 0.000000
 1.387500 0.000000 0.000000
 1.390000 0.000000 0.000000
 1.392500 0.000000 0.000000
 1.395000 0.000000 0.000000
 1.397500 0.000000 0.000000
 1.400000 0.000000 0.000000
 1.402500 0.000000 0.000000
 1.405000 0.000000 0.000000
 1.407500 0.000000 0.000000
 1.410000 0.000000 0.000000
 1.412500 0.000000 0.000000
 1.415000 0.000000 0.000000
 1.417500 0.000000 0.000000
 1.420000 0.000000 0.000000
 1.422500 0.000000 0.000000
 1.425000 0.000000 0.000000
 1.427500 0.000000 0.000000
 1.430000 0.000000 0.000000
 1.432500 0.000000 0.000000
 1.435000 0.000000 0.000000
 1.437500 0.000000 0.000000
 1.440000 0.000000 0.000000
 1.442500 0.000000 0.000000
 1.445000 0.000000 0.000000
 1.447500 0.000000 0.000000
 1.450000 0.000000 0.000000
 1.452500 0.000000 0.000000
 1.455000 0.000000 0.000000
 1.457500 0.000000 0.000000
 1.460000 0.000000 0.000000
 1.462500 0.000000 0.000000
 1.465000 0.000000 0.000000
 1.467500 0.000000 0.000000
 1.470000 0.000000 0.000000
 1.472500 0.000000 0.000000
 1.475000 0.000000 0.000000
 1.477500 0.000000 0.000000
 1.480000 0.000000 0.000000
 1.482500 0.000000 0.000000
 1.485000 0.000000 0.000000
 1.487500 0.000000 0.000000
 1.490000 0.000000 0.000000
 1.492500 0.000000 0.000000
 1.495000 0.000000 0.000000
 1.497500 0.000000 0.000000
 1.500000 0.000000 0.000000
 1.502500 0.000000 0.000000
 1.505000 0.000000 0.000000
 1.507500 0.000000 0.000000
 1.510000 0.000000 0.000000
 1.512500 0.000000 0.000000
 1.515000 0.000000 0.000000
 1.517500 0.000000 0.000000
 1.520000 0.000000 0.000000
 1.522500 0.000000 0.000000
 1.525000 0.000000 0.000000
 1.527500 0.000000 0.000000
 1.530000 0.000000 0.000000
 1.532500 0.000000 0.000000
 1.535000 0.000000 0.000000
 1.537500 0.000000 0.000000
 1.540000 0.000000 0.000000
 1.542500 0.000000 0.000000
 1.545000 0.000000 0.000000
 1.547500 0.000000 0.000000
 1.550000 0.000000 0.000000
 1.552500 0.000000 0.000000
 1.555000 0.000000 0.000000
 1.557500 0.000000 0.000000
 1.560000 0.000000 0.000000
 1.562500 0.000000 0.000000
 1.565000 0.000000 0.000000
 1.567500 0.000000 0.000000
 1.570000 0.000000 0.000000
 1.572500 0.000000 0.000000
 1.575000 0.000000 0.000000
 1.577500 0.000000 0.000000
 1.580000 0.000000 0.000000
 1.582500 0.000000 0.000000
 1.585000 0.000000 0.000000
 1.587500 0.000000 0.000000
 1.590000 0.000000 0.000000
 1.592500 0.000000 0.000000
 1.595000 0.000000 0.000000
 1.597500 0.000000 0.000000
 1.600000 0.000000 0.000000
 1.602500 0.000000 0.000000
 1.605000 0.000000 0.000000
 1.607500 0.000000 0.000000
 1.610000 0.000000 0.000000
 1.612500 0.000000 0.000000
 1.615000 0.000000 0.000000
 1.617500 0.000000 0.000000
 1.620000 0.000000 0.000000
 1.622500 0.000000 0.000000
 1.625000 0.000000 0.000000
 1.627500 0.000000 0.000000
 1.630000 0.000000 0.000000
 1.632500 0.000000 0.000000
 1.635000 0.000000 0.000000
 1.637500 0.000000 0.000000
 1.640000 0.000000 0.000000
 1.642500 0.000000 0.000000
 1.645000 0.000000 0.000000
 1.647500 0.000000 0.000000
 1.650000 0.000000 0.000000
 1.652500 0.000000 0.000000
 1.655000 0.000000 0.000000
 1.657500 0.000000 0.000000
 1.660000 0.000000 0.000000
 1.662500 0.000000 0.000000
 1.665000 0.000000 0.000000
 1.667500 0.000000 0.000000
 1.670000 0.000000 0.000000
 1.672500 0.000000 0.000000
 1.675000 0.000000 0.000000
 1.677500 0.000000 0.000000
 1.680000 0.000000 0.000000
 1.682500 0.000000 0.000000
 1.685000 0.000000 0.000000
 1.687500 0.000000 0.000000
 1.690000 0.000000 0.000000
 1.692500 0.000000 0.000000
 1.695000 0.000000 0.000000
 1.697500 0.000000 0.000000
 1.700000 0.000000 0.000000
 1.702500 0.000000 0.000000
 1.705000 0.000000 0.000000
 1.707500 0.000000 0.000000
 1.710000 0.000000 0.000000
 1.712500 0.000000 0.000000
 1.715000 0.000000 0.000000
 1.717500 0.000000 0.000000
 1.720000 0.000000 0.000000
 1.722500 0.000000 0.000000
 1.725000 0.000000 0.000000
 1.727500 0.000000 0.000000
 1.730000 0.000000 0.000000
 1.732500 0.000000 0.000000
 1.735000 0.000000 0.000000
 1.737500 0.000000 0.000000
 1.740000 0.000000 0.000000
 1.742500 0.000000 0.000000
 1.745000 0.000000 0.000000
 1.747500 0.000000 0.000000
 1.750000 0.000000 0.000000
 1.752500 0.000000 0.000000
 1.755000 0.000000 0.000000
 1.757500 0.000000 0.000000
 1.760000 0.000000 0.000000
 1.762500 0.000000 0.000000
 1.765000 0.000000 0.000000
 1.767500 0.000000 0.000000
 1.770000 0.000000 0.000000
 1.772500 0.000000 0.000000
 1.775000 0.000000 0.000000
 1.777500 0.000000 0.000000
 1.780000 0.000000 0.000000
 1.782500 0.000000 0.000000
 1.785000 0.000000 0.000000
 1.787500 0.000000 0.000000
 1.790000 0.000000 0.000000
 1.792500 0.000000 0.000000
 1.795000 0.000000 0.000000
 1.797500 0.000000 0.000000
 1.800000 0.000000 0.000000
 1.802500 0.000000 0.000000
 1.805000 0.000000 0.000000
 1.807500 0.000000 0.000000
 1.810000 0.000000 0.000000
 1.812500 0.000000 0.000000
 1.815000 0.000000 0.000000
 1.817500 0.000000 0.000000
 1.820000 0.000000 0.000000
 1.822500 0.000000 0.000000
 1.825000 0.000000 0.000000
 1.827500 0.000000 0.000000
 1.830000 0.000000 0.000000
 1.832500 0.000000 0.000000
 1.835000 0.000000 0.000000
 1.837500 0.000000 0.000000
 1.840000 0.000000 0.000000
 1.842500 0.000000 0.000000
 1.845000 0.000000 0.000000
 1.847500 0.000000 0.000000
 1.850000 0.000000 0.000000
 1.852500 0.000000 0.000000
 1.855000 0.000000 0.000000
 1.857500 0.000000 0.000000
 1.860000 0.000000 0.000000
 1.862500 0.000000 0.000000
 1.865000 0.000000 0.000000
 1.867500 0.000000 0.000000
 1.870000 0.000000 0.000000
 1.872500 0.000000 0.000000
 1.875000 0.000000 0.000000
 1.877500 0.000000 0.000000
 1.880000 0.000000 0.000000
 1.882500 0.000000 0.000000
 1.885000 0.000000 0.000000
 1.887500 0.000000 0.000000
 1.890000 0.000000 0.000000
 1.892500 0.000000 0.000000
 1.895000 0.000000 0.000000
 1.897500 0.000000 0.000000
 1.900000 0.000000 0.000000
 1.902500 0.000000 0.000000
 1.905000 0.000000 0.000000
 1.907500 0.000000 0.000000
 1.910000 0.000000 0.000000
 1.912500 0.000000 0.000000
 1.915000 0.000000 0.000000
 1.917500 0.000000 0.000000
 1.920000 0.000000 0.000000
 1.922500 0.000000 0.000000
 1.925000 0.000000 0.000000
 1.927500 0.000000 0.000000
 1.930000 0.000000 0.000000
 1.932500 0.000000 0.000000
 1.935000 0.000000 0.000000
 1.937500 0.000000 0.000000
 1.940000 0.000000 0.000000
 1.942500 0.000000 0.000000
 1.945000 0.000000 0.000000
 1.947500 0.000000 0.000000
 1.950000 0.000000 0.000000
 1.952500 0.000000 0.000000
 1.955000 0.000000 0.000000
 1.957500 0.000000 0.000000
 1.960000 0.000000 0.000000
 1.962500 0.000000 0.000000
 1.965000 0.000000 0.000000
 1.967500 0.000000 0.000000
 1.970000 0.000000 0.000000
 1.972500 0.000000 0.000000
 1.975000 0.000000 0.000000
 1.977500 0.000000 0.000000
 1.980000 0.000000 0.000000
 1.982500 0.000000 0.000000
 1.985000 0.000000 0.000000
 1.987500 0.000000 0.000000
 1.990000 0.000000 0.000000
 1.992500 0.000000 0.000000
 1.995000 0.000000 0.000000
 1.997500 0.000000 0.000000
 2.000000 0.000000 0.000000
