0.0300 0.0080394875
0.0325 0.0069590725
0.0350 0.006307790000000001
0.0375 0.005784182499999999
0.0400 0.005326249999999999
0.0425 0.0049212275
0.0450 0.004578477500000001
0.0475 0.004263812499999999
0.0500 0.0039913050000000005
0.0525 0.0037213899999999993
0.0550 0.00343383
0.0575 0.0031583374999999995
0.0600 0.0029188375
0.0625 0.00267021
0.0650 0.002500884999999999
0.0675 0.002494032500000001
0.0700 0.002636427500000001
0.0725 0.0030388499999999996
0.0750 0.004179544999999999
0.0775 0.006795072499999994
0.0800 0.012824039999999988
