#! FIELDS es hh dhh_es
#! SET normalisation  200.000000
#! SET min_es -0.5
#! SET max_es 2
#! SET nbins_es  1000
#! SET periodic_es false
 -0.500000 0.000000 0.000000
 -0.497500 0.000000 0.000000
 -0.495000 0.000000 0.000000
 -0.492500 0.000000 0.000000
 -0.490000 0.000000 0.000000
 -0.487500 0.000000 0.000000
 -0.485000 0.000000 0.000000
 -0.482500 0.000000 0.000000
 -0.480000 0.000000 0.000000
 -0.477500 0.000000 0.000000
 -0.475000 0.000000 0.000000
 -0.472500 0.000000 0.000000
 -0.470000 0.000000 0.000000
 -0.467500 0.000000 0.000000
 -0.465000 0.000000 0.000000
 -0.462500 0.000000 0.000000
 -0.460000 0.000000 0.000000
 -0.457500 0.000000 0.000000
 -0.455000 0.000000 0.000000
 -0.452500 0.000000 0.000000
 -0.450000 0.000000 0.000000
 -0.447500 0.000000 0.000000
 -0.445000 0.000000 0.000000
 -0.442500 0.000000 0.000000
 -0.440000 0.000000 0.000000
 -0.437500 0.000000 0.000000
 -0.435000 0.000000 0.000000
 -0.432500 0.000000 0.000000
 -0.430000 0.000000 0.000000
 -0.427500 0.000000 0.000000
 -0.425000 0.000000 0.000000
 -0.422500 0.000000 0.000000
 -0.420000 0.000000 0.000000
 -0.417500 0.000000 0.000000
 -0.415000 0.000000 0.000000
 -0.412500 0.000000 0.000000
 -0.410000 0.000000 0.000000
 -0.407500 0.000000 0.000000
 -0.405000 0.000000 0.000000
 -0.402500 0.000000 0.000000
 -0.400000 0.000000 0.000000
 -0.397500 0.000000 0.000000
 -0.395000 0.000000 0.000000
 -0.392500 0.000000 0.000000
 -0.390000 0.000000 0.000000
 -0.387500 0.000000 0.000000
 -0.385000 0.000000 0.000000
 -0.382500 0.000000 0.000000
 -0.380000 0.000000 0.000000
 -0.377500 0.000000 0.000000
 -0.375000 0.000000 0.000000
 -0.372500 0.000000 0.000000
 -0.370000 0.000000 0.000000
 -0.367500 0.000000 0.000000
 -0.365000 0.000000 0.000000
 -0.362500 0.000000 0.000000
 -0.360000 0.000000 0.000000
 -0.357500 0.000000 0.000000
 -0.355000 0.000000 0.000000
 -0.352500 0.000000 0.000000
 -0.350000 0.000000 0.000000
 -0.347500 0.000000 0.000000
 -0.345000 0.000000 0.000000
 -0.342500 0.000000 0.000000
 -0.340000 0.000000 0.000000
 -0.337500 0.000000 0.000000
 -0.335000 0.000000 0.000000
 -0.332500 0.000000 0.000000
 -0.330000 0.000000 0.000000
 -0.327500 0.000000 0.000000
 -0.325000 0.000000 0.000000
 -0.322500 0.000000 0.000000
 -0.320000 0.000000 0.000000
 -0.317500 0.000000 0.000000
 -0.315000 0.000000 0.000000
 -0.312500 0.000000 0.000000
 -0.310000 0.000000 0.000000
 -0.307500 0.000000 0.000000
 -0.305000 0.000000 0.000000
 -0.302500 0.000000 0.000000
 -0.300000 0.000000 0.000000
 -0.297500 0.000000 0.000000
 -0.295000 0.000000 0.000000
 -0.292500 0.000000 0.000000
 -0.290000 0.000000 0.000000
 -0.287500 0.000000 0.000000
 -0.285000 0.000000 0.000000
 -0.282500 0.000000 0.000000
 -0.280000 0.000000 0.000000
 -0.277500 0.000000 0.000000
 -0.275000 0.000000 0.000000
 -0.272500 0.000000 0.000000
 -0.270000 0.000000 0.000000
 -0.267500 0.000000 0.000000
 -0.265000 0.000000 0.000000
 -0.262500 0.000000 0.000000
 -0.260000 0.000000 0.000000
 -0.257500 0.000000 0.000000
 -0.255000 0.000000 0.000000
 -0.252500 0.000000 0.000000
 -0.250000 0.000000 0.000000
 -0.247500 0.000000 0.000000
 -0.245000 0.000000 0.000000
 -0.242500 0.000000 0.000000
 -0.240000 0.000000 0.000000
 -0.237500 0.000000 0.000000
 -0.235000 0.000000 0.000000
 -0.232500 0.000000 0.000000
 -0.230000 0.000000 0.000000
 -0.227500 0.000000 0.000000
 -0.225000 0.000000 0.000000
 -0.222500 0.000000 0.000000
 -0.220000 0.000000 0.000000
 -0.217500 0.000000 0.000000
 -0.215000 0.000000 0.000000
 -0.212500 0.000000 0.000000
 -0.210000 0.000000 0.000000
 -0.207500 0.000000 0.000000
 -0.205000 0.000000 0.000000
 -0.202500 0.000000 0.000000
 -0.200000 0.000000 0.000000
 -0.197500 0.000000 0.000000
 -0.195000 0.000000 0.000000
 -0.192500 0.000000 0.000000
 -0.190000 0.000000 0.000000
 -0.187500 0.000000 0.000000
 -0.185000 0.000000 0.000000
 -0.182500 0.000000 0.000000
 -0.180000 0.000000 0.000000
 -0.177500 0.000000 0.000000
 -0.175000 0.000000 0.000000
 -0.172500 0.000000 0.000000
 -0.170000 0.000000 0.000000
 -0.167500 0.000000 0.000000
 -0.165000 0.000000 0.000000
 -0.162500 0.000000 0.000000
 -0.160000 0.000000 0.000000
 -0.157500 0.000000 0.000000
 -0.155000 0.000000 0.000000
 -0.152500 0.000000 0.000000
 -0.150000 0.000000 0.000000
 -0.147500 0.000000 0.000000
 -0.145000 0.000000 0.000000
 -0.142500 0.000000 0.000000
 -0.140000 0.000000 0.000000
 -0.137500 0.000000 0.000000
 -0.135000 0.000000 0.000000
 -0.132500 0.000000 0.000000
 -0.130000 0.000000 0.000000
 -0.127500 0.000000 0.000000
 -0.125000 0.000000 0.000000
 -0.122500 0.000000 0.000000
 -0.120000 0.000000 0.000000
 -0.117500 0.000000 0.000000
 -0.115000 0.000000 0.000000
 -0.112500 0.000000 0.000000
 -0.110000 0.000000 0.000000
 -0.107500 0.000000 0.000000
 -0.105000 0.000000 0.000000
 -0.102500 0.000000 0.000000
 -0.100000 0.000000 0.000000
 -0.097500 0.000000 0.000000
 -0.095000 0.000000 0.000000
 -0.092500 0.000000 0.000000
 -0.090000 0.000000 0.000000
 -0.087500 0.000000 0.000000
 -0.085000 0.000000 0.000000
 -0.082500 0.000000 0.000000
 -0.080000 0.000000 0.000000
 -0.077500 0.000000 0.000000
 -0.075000 0.000000 0.000000
 -0.072500 0.000000 0.000000
 -0.070000 0.000000 0.000000
 -0.067500 0.000000 0.000000
 -0.065000 0.000000 0.000000
 -0.062500 0.000000 0.000000
 -0.060000 0.000000 0.000000
 -0.057500 0.000000 0.000000
 -0.055000 0.000000 0.000000
 -0.052500 0.000000 0.000000
 -0.050000 0.000000 0.000000
 -0.047500 0.000000 0.000000
 -0.045000 0.000000 0.000000
 -0.042500 0.000000 0.000000
 -0.040000 0.000000 0.000000
 -0.037500 0.000000 0.000000
 -0.035000 0.000000 0.000000
 -0.032500 0.000000 0.000000
 -0.030000 0.000000 0.000000
 -0.027500 0.000000 0.000000
 -0.025000 0.000000 0.000000
 -0.022500 0.000000 0.000000
 -0.020000 0.000000 0.000000
 -0.017500 0.000000 0.000000
 -0.015000 0.000000 0.000000
 -0.012500 0.000000 0.000000
 -0.010000 0.000000 0.000000
 -0.007500 0.000000 0.000000
 -0.005000 0.000000 0.000000
 -0.002500 0.000000 0.000000
 0.000000 0.000000 0.000000
 0.002500 0.000000 0.000000
 0.005000 0.000000 0.000000
 0.007500 0.000000 0.000000
 0.010000 0.000000 0.000000
 0.012500 0.000000 0.000000
 0.015000 0.000000 0.000000
 0.017500 0.000000 0.000000
 0.020000 0.000000 0.000000
 0.022500 0.000000 0.000000
 0.025000 0.000000 0.000000
 0.027500 0.000000 0.000000
 0.030000 0.000000 0.000000
 0.032500 0.000000 0.000000
 0.035000 0.000000 0.000000
 0.037500 0.000000 0.000000
 0.040000 0.000000 0.000000
 0.042500 0.000000 0.000000
 0.045000 0.000000 0.000000
 0.047500 0.000000 0.000000
 0.050000 0.000000 0.000000
 0.052500 0.000000 0.000000
 0.055000 0.000000 0.000145
 0.057500 0.000001 0.000354
 0.060000 0.000002 0.000808
 0.062500 0.000005 0.001724
 0.065000 0.000012 0.003436
 0.067500 0.000024 0.006387
 0.070000 0.000047 0.011653
 0.072500 0.000085 0.019218
 0.075000 0.000145 0.029895
 0.077500 0.000237 0.043842
 0.080000 0.000368 0.060837
 0.082500 0.000547 0.081720
 0.085000 0.000782 0.105892
 0.087500 0.001081 0.134247
 0.090000 0.001462 0.170347
 0.092500 0.001945 0.217201
 0.095000 0.002564 0.278972
 0.097500 0.003360 0.359132
 0.100000 0.004378 0.458402
 0.102500 0.005674 0.578550
 0.105000 0.007295 0.717090
 0.107500 0.009277 0.869764
 0.110000 0.011659 1.034645
 0.112500 0.014465 1.208881
 0.115000 0.017718 1.391084
 0.117500 0.021435 1.580928
 0.120000 0.025644 1.781168
 0.122500 0.030364 1.991116
 0.125000 0.035622 2.211167
 0.127500 0.041446 2.442691
 0.130000 0.047866 2.686240
 0.132500 0.054910 2.944319
 0.135000 0.062628 3.225933
 0.137500 0.071098 3.547975
 0.140000 0.080448 3.933072
 0.142500 0.090866 4.405533
 0.145000 0.102607 4.988929
 0.147500 0.115955 5.692928
 0.150000 0.131218 6.513281
 0.152500 0.148654 7.430905
 0.155000 0.168475 8.420247
 0.157500 0.190843 9.463027
 0.160000 0.215873 10.551590
 0.162500 0.243693 11.690910
 0.165000 0.274442 12.891049
 0.167500 0.308258 14.147035
 0.170000 0.345254 15.421602
 0.172500 0.385377 16.631912
 0.175000 0.428330 17.661107
 0.177500 0.473514 18.391366
 0.180000 0.520047 18.743228
 0.182500 0.566973 18.719439
 0.185000 0.613502 18.439381
 0.187500 0.659217 18.108672
 0.190000 0.704273 17.949301
 0.192500 0.749362 18.151740
 0.195000 0.795473 18.778245
 0.197500 0.843643 19.774425
 0.200000 0.894599 20.969266
 0.202500 0.948580 22.157368
 0.205000 1.005334 23.169584
 0.207500 1.064281 23.911606
 0.210000 1.124774 24.407383
 0.212500 1.186269 24.745573
 0.215000 1.248551 25.055588
 0.217500 1.311678 25.430286
 0.220000 1.375889 25.918527
 0.222500 1.441408 26.490092
 0.225000 1.508409 27.086129
 0.227500 1.576848 27.636435
 0.230000 1.646528 28.072458
 0.232500 1.717137 28.364401
 0.235000 1.788305 28.515492
 0.237500 1.859682 28.549469
 0.240000 1.931045 28.520133
 0.242500 2.002306 28.482429
 0.245000 2.073546 28.501821
 0.247500 2.144909 28.593861
 0.250000 2.216557 28.714102
 0.252500 2.288457 28.784930
 0.255000 2.360326 28.684698
 0.257500 2.431667 28.346874
 0.260000 2.501894 27.793712
 0.262500 2.570566 27.153670
 0.265000 2.637659 26.578621
 0.267500 2.703644 26.271602
 0.270000 2.769255 26.318387
 0.272500 2.835434 26.678878
 0.275000 2.902737 27.195051
 0.277500 2.971256 27.602501
 0.280000 3.040361 27.636032
 0.282500 3.108870 27.131473
 0.285000 3.175408 26.061676
 0.287500 3.238695 24.578737
 0.290000 3.297995 22.906465
 0.292500 3.353167 21.319228
 0.295000 3.404679 19.996100
 0.297500 3.453249 18.997012
 0.300000 3.499612 18.192384
 0.302500 3.543987 17.392619
 0.305000 3.586112 16.339316
 0.307500 3.625080 14.806405
 0.310000 3.659486 12.712146
 0.312500 3.688011 10.134927
 0.315000 3.709711 7.306088
 0.317500 3.724432 4.638610
 0.320000 3.733104 2.527897
 0.322500 3.737550 1.329893
 0.325000 3.740312 1.190028
 0.327500 3.744003 2.051355
 0.330000 3.750827 3.664940
 0.332500 3.762257 5.626963
 0.335000 3.778613 7.531609
 0.337500 3.799203 8.963335
 0.340000 3.822364 9.580204
 0.342500 3.845846 9.161049
 0.345000 3.866908 7.693337
 0.347500 3.883123 5.293209
 0.350000 3.892499 2.327928
 0.352500 3.894205 -0.775855
 0.355000 3.888442 -3.554142
 0.357500 3.876488 -5.705306
 0.360000 3.860144 -7.078451
 0.362500 3.841239 -7.781996
 0.365000 3.821165 -8.069418
 0.367500 3.800567 -8.260907
 0.370000 3.779322 -8.601710
 0.372500 3.756893 -9.197164
 0.375000 3.732681 -10.008179
 0.377500 3.706315 -10.899237
 0.380000 3.677832 -11.711787
 0.382500 3.647462 -12.356340
 0.385000 3.615615 -12.891040
 0.387500 3.582478 -13.448258
 0.390000 3.547762 -14.119883
 0.392500 3.511166 -14.991277
 0.395000 3.472235 -15.950557
 0.397500 3.430947 -16.855949
 0.400000 3.387634 -17.547234
 0.402500 3.342992 -17.910234
 0.405000 3.297852 -17.966957
 0.407500 3.252827 -17.841862
 0.410000 3.208177 -17.698618
 0.412500 3.163700 -17.699125
 0.415000 3.118910 -17.956825
 0.417500 3.073182 -18.481258
 0.420000 3.025870 -19.186946
 0.422500 2.976700 -19.945466
 0.425000 2.925770 -20.589014
 0.427500 2.873538 -20.956167
 0.430000 2.820830 -20.943453
 0.432500 2.768642 -20.533930
 0.435000 2.717930 -19.819700
 0.437500 2.669223 -18.924552
 0.440000 2.622789 -18.062011
 0.442500 2.578373 -17.332245
 0.445000 2.535529 -16.782148
 0.447500 2.493861 -16.402454
 0.450000 2.453026 -16.089636
 0.452500 2.412938 -15.800149
 0.455000 2.373579 -15.535272
 0.457500 2.334782 -15.336377
 0.460000 2.296328 -15.293376
 0.462500 2.257744 -15.453419
 0.465000 2.218507 -15.789257
 0.467500 2.178278 -16.237508
 0.470000 2.136960 -16.652283
 0.472500 2.094791 -16.888951
 0.475000 2.052356 -16.852785
 0.477500 2.010390 -16.535767
 0.480000 1.969526 -15.977274
 0.482500 1.930202 -15.320801
 0.485000 1.892474 -14.744670
 0.487500 1.855898 -14.417712
 0.490000 1.819712 -14.465655
 0.492500 1.782900 -14.928899
 0.495000 1.744463 -15.725776
 0.497500 1.703769 -16.712852
 0.500000 1.660602 -17.668765
 0.502500 1.615291 -18.389176
 0.505000 1.568612 -18.753915
 0.507500 1.521533 -18.717427
 0.510000 1.475021 -18.323890
 0.512500 1.429829 -17.671790
 0.515000 1.386456 -16.898226
 0.517500 1.345059 -16.113064
 0.520000 1.305550 -15.384452
 0.522500 1.267772 -14.748845
 0.525000 1.231485 -14.196398
 0.527500 1.196511 -13.681065
 0.530000 1.162799 -13.166964
 0.532500 1.130402 -12.631333
 0.535000 1.099409 -12.067617
 0.537500 1.069835 -11.483959
 0.540000 1.041710 -10.930112
 0.542500 1.014898 -10.435071
 0.545000 0.989230 -10.020386
 0.547500 0.964516 -9.680970
 0.550000 0.940566 -9.402925
 0.552500 0.917249 -9.167295
 0.555000 0.894475 -8.977919
 0.557500 0.872127 -8.830788
 0.560000 0.850080 -8.743528
 0.562500 0.828169 -8.734358
 0.565000 0.806169 -8.817350
 0.567500 0.783831 -8.986994
 0.570000 0.760979 -9.229616
 0.572500 0.737487 -9.493691
 0.575000 0.713397 -9.705761
 0.577500 0.688946 -9.770924
 0.580000 0.664570 -9.619145
 0.582500 0.640872 -9.231657
 0.585000 0.618426 -8.644492
 0.587500 0.597612 -7.952965
 0.590000 0.578502 -7.293780
 0.592500 0.560843 -6.816603
 0.595000 0.544056 -6.616285
 0.597500 0.527401 -6.709430
 0.600000 0.510203 -7.016662
 0.602500 0.492098 -7.421421
 0.605000 0.473048 -7.742418
 0.607500 0.453461 -7.827857
 0.610000 0.434085 -7.574256
 0.612500 0.415802 -6.944757
 0.615000 0.399509 -6.004568
 0.617500 0.385836 -4.873608
 0.620000 0.375047 -3.732490
 0.622500 0.366946 -2.754860
 0.625000 0.360926 -2.077368
 0.627500 0.356156 -1.770968
 0.630000 0.351712 -1.804788
 0.632500 0.346838 -2.097963
 0.635000 0.341027 -2.535361
 0.637500 0.334032 -3.026203
 0.640000 0.325799 -3.522016
 0.642500 0.316349 -4.012579
 0.645000 0.305679 -4.496338
 0.647500 0.293808 -4.962258
 0.650000 0.280844 -5.366770
 0.652500 0.267034 -5.626402
 0.655000 0.252844 -5.654339
 0.657500 0.238944 -5.403144
 0.660000 0.226022 -4.877532
 0.662500 0.214679 -4.147723
 0.665000 0.205273 -3.350326
 0.667500 0.197796 -2.631727
 0.670000 0.191891 -2.109809
 0.672500 0.186961 -1.858562
 0.675000 0.182313 -1.880413
 0.677500 0.177322 -2.113597
 0.680000 0.171587 -2.466467
 0.682500 0.164935 -2.826199
 0.685000 0.157479 -3.102205
 0.687500 0.149499 -3.232130
 0.690000 0.141397 -3.201200
 0.692500 0.133565 -3.028379
 0.695000 0.126299 -2.755881
 0.697500 0.119781 -2.447347
 0.700000 0.114023 -2.156876
 0.702500 0.108912 -1.931941
 0.705000 0.104260 -1.792904
 0.707500 0.099856 -1.729065
 0.710000 0.095551 -1.708745
 0.712500 0.091283 -1.685758
 0.715000 0.087113 -1.632057
 0.717500 0.083137 -1.531752
 0.720000 0.079451 -1.397877
 0.722500 0.076110 -1.268970
 0.725000 0.073053 -1.176197
 0.727500 0.070160 -1.138585
 0.730000 0.067298 -1.149913
 0.732500 0.064376 -1.179746
 0.735000 0.061395 -1.185532
 0.737500 0.058472 -1.142627
 0.740000 0.055726 -1.036907
 0.742500 0.053300 -0.894843
 0.745000 0.051236 -0.756384
 0.747500 0.049466 -0.660386
 0.750000 0.047850 -0.635408
 0.752500 0.046217 -0.676600
 0.755000 0.044429 -0.752138
 0.757500 0.042451 -0.820376
 0.760000 0.040352 -0.848019
 0.762500 0.038256 -0.814388
 0.765000 0.036314 -0.726964
 0.767500 0.034637 -0.605553
 0.770000 0.033279 -0.477875
 0.772500 0.032221 -0.367451
 0.775000 0.031401 -0.291623
 0.777500 0.030719 -0.257662
 0.780000 0.030069 -0.268098
 0.782500 0.029345 -0.315804
 0.785000 0.028464 -0.389910
 0.787500 0.027378 -0.475279
 0.790000 0.026084 -0.551415
 0.792500 0.024632 -0.599699
 0.795000 0.023111 -0.605077
 0.797500 0.021635 -0.566787
 0.800000 0.020303 -0.493447
 0.802500 0.019176 -0.405681
 0.805000 0.018260 -0.329509
 0.807500 0.017497 -0.285058
 0.810000 0.016794 -0.282852
 0.812500 0.016047 -0.318077
 0.815000 0.015181 -0.373841
 0.817500 0.014174 -0.429193
 0.820000 0.013052 -0.461329
 0.822500 0.011893 -0.458137
 0.825000 0.010787 -0.417196
 0.827500 0.009825 -0.347967
 0.830000 0.009057 -0.260846
 0.832500 0.008515 -0.171883
 0.835000 0.008190 -0.089886
 0.837500 0.008052 -0.021888
 0.840000 0.008061 0.027739
 0.842500 0.008168 0.054488
 0.845000 0.008313 0.056802
 0.847500 0.008430 0.033802
 0.850000 0.008459 -0.013699
 0.852500 0.008340 -0.079732
 0.855000 0.008044 -0.156976
 0.857500 0.007556 -0.231002
 0.860000 0.006901 -0.289348
 0.862500 0.006131 -0.320212
 0.865000 0.005325 -0.318655
 0.867500 0.004566 -0.283525
 0.870000 0.003930 -0.220903
 0.872500 0.003473 -0.142202
 0.875000 0.003219 -0.061971
 0.877500 0.003153 0.006216
 0.880000 0.003229 0.051561
 0.882500 0.003384 0.067457
 0.885000 0.003543 0.055975
 0.887500 0.003645 0.023741
 0.890000 0.003652 -0.018988
 0.892500 0.003549 -0.061015
 0.895000 0.003349 -0.095891
 0.897500 0.003077 -0.119960
 0.900000 0.002759 -0.132806
 0.902500 0.002419 -0.136934
 0.905000 0.002077 -0.135581
 0.907500 0.001744 -0.130900
 0.910000 0.001425 -0.123397
 0.912500 0.001129 -0.113077
 0.915000 0.000862 -0.099884
 0.917500 0.000632 -0.084297
 0.920000 0.000442 -0.067475
 0.922500 0.000293 -0.050732
 0.925000 0.000184 -0.035795
 0.927500 0.000110 -0.023769
 0.930000 0.000062 -0.014909
 0.932500 0.000033 -0.008738
 0.935000 0.000016 -0.004585
 0.937500 0.000008 -0.002374
 0.940000 0.000003 -0.001147
 0.942500 0.000001 -0.000518
 0.945000 0.000000 0.000000
 0.947500 0.000000 0.000000
 0.950000 0.000000 0.000000
 0.952500 0.000000 0.000000
 0.955000 0.000000 0.000000
 0.957500 0.000000 0.000000
 0.960000 0.000000 0.000000
 0.962500 0.000000 0.000000
 0.965000 0.000000 0.000000
 0.967500 0.000000 0.000000
 0.970000 0.000000 0.000000
 0.972500 0.000000 0.000000
 0.975000 0.000000 0.000000
 0.977500 0.000000 0.000000
 0.980000 0.000000 0.000000
 0.982500 0.000000 0.000000
 0.985000 0.000000 0.000000
 0.987500 0.000000 0.000000
 0.990000 0.000000 0.000000
 0.992500 0.000000 0.000000
 0.995000 0.000000 0.000000
 0.997500 0.000000 0.000000
 1.000000 0.000000 0.000000
 1.002500 0.000000 0.000000
 1.005000 0.000000 0.000000
 1.007500 0.000000 0.000000
 1.010000 0.000000 0.000000
 1.012500 0.000000 0.000000
 1.015000 0.000000 0.000000
 1.017500 0.000000 0.000000
 1.020000 0.000000 0.000000
 1.022500 0.000000 0.000000
 1.025000 0.000000 0.000000
 1.027500 0.000000 0.000000
 1.030000 0.000000 0.000000
 1.032500 0.000000 0.000000
 1.035000 0.000000 0.000000
 1.037500 0.000000 0.000000
 1.040000 0.000000 0.000000
 1.042500 0.000000 0.000000
 1.045000 0.000000 0.000000
 1.047500 0.000000 0.000000
 1.050000 0.000000 0.000000
 1.052500 0.000000 0.000000
 1.055000 0.000000 0.000000
 1.057500 0.000000 0.000000
 1.060000 0.000000 0.000000
 1.062500 0.000000 0.000000
 1.065000 0.000000 0.000000
 1.067500 0.000000 0.000000
 1.070000 0.000000 0.000000
 1.072500 0.000000 0.000000
 1.075000 0.000000 0.000000
 1.077500 0.000000 0.000000
 1.080000 0.000000 0.000000
 1.082500 0.000000 0.000000
 1.085000 0.000000 0.000000
 1.087500 0.000000 0.000000
 1.090000 0.000000 0.000000
 1.092500 0.000000 0.000000
 1.095000 0.000000 0.000000
 1.097500 0.000000 0.000000
 1.100000 0.000000 0.000000
 1.102500 0.000000 0.000000
 1.105000 0.000000 0.000000
 1.107500 0.000000 0.000000
 1.110000 0.000000 0.000000
 1.112500 0.000000 0.000000
 1.115000 0.000000 0.000000
 1.117500 0.000000 0.000000
 1.120000 0.000000 0.000000
 1.122500 0.000000 0.000000
 1.125000 0.000000 0.000000
 1.127500 0.000000 0.000000
 1.130000 0.000000 0.000000
 1.132500 0.000000 0.000000
 1.135000 0.000000 0.000000
 1.137500 0.000000 0.000000
 1.140000 0.000000 0.000000
 1.142500 0.000000 0.000000
 1.145000 0.000000 0.000000
 1.147500 0.000000 0.000000
 1.150000 0.000000 0.000000
 1.152500 0.000000 0.000000
 1.155000 0.000000 0.000000
 1.157500 0.000000 0.000000
 1.160000 0.000000 0.000000
 1.162500 0.000000 0.000000
 1.165000 0.000000 0.000000
 1.167500 0.000000 0.000000
 1.170000 0.000000 0.000000
 1.172500 0.000000 0.000000
 1.175000 0.000000 0.000000
 1.177500 0.000000 0.000000
 1.180000 0.000000 0.000000
 1.182500 0.000000 0.000000
 1.185000 0.000000 0.000000
 1.187500 0.000000 0.000000
 1.190000 0.000000 0.000000
 1.192500 0.000000 0.000000
 1.195000 0.000000 0.000000
 1.197500 0.000000 0.000000
 1.200000 0.000000 0.000000
 1.202500 0.000000 0.000000
 1.205000 0.000000 0.000000
 1.207500 0.000000 0.000000
 1.210000 0.000000 0.000000
 1.212500 0.000000 0.000000
 1.215000 0.000000 0.000000
 1.217500 0.000000 0.000000
 1.220000 0.000000 0.000000
 1.222500 0.000000 0.000000
 1.225000 0.000000 0.000000
 1.227500 0.000000 0.000000
 1.230000 0.000000 0.000000
 1.232500 0.000000 0.000000
 1.235000 0.000000 0.000000
 1.237500 0.000000 0.000000
 1.240000 0.000000 0.000000
 1.242500 0.000000 0.000000
 1.245000 0.000000 0.000000
 1.247500 0.000000 0.000000
 1.250000 0.000000 0.000000
 1.252500 0.000000 0.000000
 1.255000 0.000000 0.000000
 1.257500 0.000000 0.000000
 1.260000 0.000000 0.000000
 1.262500 0.000000 0.000000
 1.265000 0.000000 0.000000
 1.267500 0.000000 0.000000
 1.270000 0.000000 0.000000
 1.272500 0.000000 0.000000
 1.275000 0.000000 0.000000
 1.277500 0.000000 0.000000
 1.280000 0.000000 0.000000
 1.282500 0.000000 0.000000
 1.285000 0.000000 0.000000
 1.287500 0.000000 0.000000
 1.290000 0.000000 0.000000
 1.292500 0.000000 0.000000
 1.295000 0.000000 0.000000
 1.297500 0.000000 0.000000
 1.300000 0.000000 0.000000
 1.302500 0.000000 0.000000
 1.305000 0.000000 0.000000
 1.307500 0.000000 0.000000
 1.310000 0.000000 0.000000
 1.312500 0.000000 0.000000
 1.315000 0.000000 0.000000
 1.317500 0.000000 0.000000
 1.320000 0.000000 0.000000
 1.322500 0.000000 0.000000
 1.325000 0.000000 0.000000
 1.327500 0.000000 0.000000
 1.330000 0.000000 0.000000
 1.332500 0.000000 0.000000
 1.335000 0.000000 0.000000
 1.337500 0.000000 0.000000
 1.340000 0.000000 0.000000
 1.342500 0.000000 0.000000
 1.345000 0.000000 0.000000
 1.347500 0.000000 0.000000
 1.350000 0.000000 0.000000
 1.352500 0.000000 0.000000
 1.355000 0.000000 0.000000
 1.357500 0.000000 0.000000
 1.360000 0.000000 0.000000
 1.362500 0.000000 0.000000
 1.365000 0.000000 0.000000
 1.367500 0.000000 0.000000
 1.370000 0.000000 0.000000
 1.372500 0.000000 0.000000
 1.375000 0.000000 0.000000
 1.377500 0.000000 0.000000
 1.380000 0.000000 0.000000
 1.382500 0.000000 0.000000
 1.385000 0.000000 0.000000
 1.387500 0.000000 0.000000
 1.390000 0.000000 0.000000
 1.392500 0.000000 0.000000
 1.395000 0.000000 0.000000
 1.397500 0.000000 0.000000
 1.400000 0.000000 0.000000
 1.402500 0.000000 0.000000
 1.405000 0.000000 0.000000
 1.407500 0.000000 0.000000
 1.410000 0.000000 0.000000
 1.412500 0.000000 0.000000
 1.415000 0.000000 0.000000
 1.417500 0.000000 0.000000
 1.420000 0.000000 0.000000
 1.422500 0.000000 0.000000
 1.425000 0.000000 0.000000
 1.427500 0.000000 0.000000
 1.430000 0.000000 0.000000
 1.432500 0.000000 0.000000
 1.435000 0.000000 0.000000
 1.437500 0.000000 0.000000
 1.440000 0.000000 0.000000
 1.442500 0.000000 0.000000
 1.445000 0.000000 0.000000
 1.447500 0.000000 0.000000
 1.450000 0.000000 0.000000
 1.452500 0.000000 0.000000
 1.455000 0.000000 0.000000
 1.457500 0.000000 0.000000
 1.460000 0.000000 0.000000
 1.462500 0.000000 0.000000
 1.465000 0.000000 0.000000
 1.467500 0.000000 0.000000
 1.470000 0.000000 0.000000
 1.472500 0.000000 0.000000
 1.475000 0.000000 0.000000
 1.477500 0.000000 0.000000
 1.480000 0.000000 0.000000
 1.482500 0.000000 0.000000
 1.485000 0.000000 0.000000
 1.487500 0.000000 0.000000
 1.490000 0.000000 0.000000
 1.492500 0.000000 0.000000
 1.495000 0.000000 0.000000
 1.497500 0.000000 0.000000
 1.500000 0.000000 0.000000
 1.502500 0.000000 0.000000
 1.505000 0.000000 0.000000
 1.507500 0.000000 0.000000
 1.510000 0.000000 0.000000
 1.512500 0.000000 0.000000
 1.515000 0.000000 0.000000
 1.517500 0.000000 0.000000
 1.520000 0.000000 0.000000
 1.522500 0.000000 0.000000
 1.525000 0.000000 0.000000
 1.527500 0.000000 0.000000
 1.530000 0.000000 0.000000
 1.532500 0.000000 0.000000
 1.535000 0.000000 0.000000
 1.537500 0.000000 0.000000
 1.540000 0.000000 0.000000
 1.542500 0.000000 0.000000
 1.545000 0.000000 0.000000
 1.547500 0.000000 0.000000
 1.550000 0.000000 0.000000
 1.552500 0.000000 0.000000
 1.555000 0.000000 0.000000
 1.557500 0.000000 0.000000
 1.560000 0.000000 0.000000
 1.562500 0.000000 0.000000
 1.565000 0.000000 0.000000
 1.567500 0.000000 0.000000
 1.570000 0.000000 0.000000
 1.572500 0.000000 0.000000
 1.575000 0.000000 0.000000
 1.577500 0.000000 0.000000
 1.580000 0.000000 0.000000
 1.582500 0.000000 0.000000
 1.585000 0.000000 0.000000
 1.587500 0.000000 0.000000
 1.590000 0.000000 0.000000
 1.592500 0.000000 0.000000
 1.595000 0.000000 0.000000
 1.597500 0.000000 0.000000
 1.600000 0.000000 0.000000
 1.602500 0.000000 0.000000
 1.605000 0.000000 0.000000
 1.607500 0.000000 0.000000
 1.610000 0.000000 0.000000
 1.612500 0.000000 0.000000
 1.615000 0.000000 0.000000
 1.617500 0.000000 0.000000
 1.620000 0.000000 0.000000
 1.622500 0.000000 0.000000
 1.625000 0.000000 0.000000
 1.627500 0.000000 0.000000
 1.630000 0.000000 0.000000
 1.632500 0.000000 0.000000
 1.635000 0.000000 0.000000
 1.637500 0.000000 0.000000
 1.640000 0.000000 0.000000
 1.642500 0.000000 0.000000
 1.645000 0.000000 0.000000
 1.647500 0.000000 0.000000
 1.650000 0.000000 0.000000
 1.652500 0.000000 0.000000
 1.655000 0.000000 0.000000
 1.657500 0.000000 0.000000
 1.660000 0.000000 0.000000
 1.662500 0.000000 0.000000
 1.665000 0.000000 0.000000
 1.667500 0.000000 0.000000
 1.670000 0.000000 0.000000
 1.672500 0.000000 0.000000
 1.675000 0.000000 0.000000
 1.677500 0.000000 0.000000
 1.680000 0.000000 0.000000
 1.682500 0.000000 0.000000
 1.685000 0.000000 0.000000
 1.687500 0.000000 0.000000
 1.690000 0.000000 0.000000
 1.692500 0.000000 0.000000
 1.695000 0.000000 0.000000
 1.697500 0.000000 0.000000
 1.700000 0.000000 0.000000
 1.702500 0.000000 0.000000
 1.705000 0.000000 0.000000
 1.707500 0.000000 0.000000
 1.710000 0.000000 0.000000
 1.712500 0.000000 0.000000
 1.715000 0.000000 0.000000
 1.717500 0.000000 0.000000
 1.720000 0.000000 0.000000
 1.722500 0.000000 0.000000
 1.725000 0.000000 0.000000
 1.727500 0.000000 0.000000
 1.730000 0.000000 0.000000
 1.732500 0.000000 0.000000
 1.735000 0.000000 0.000000
 1.737500 0.000000 0.000000
 1.740000 0.000000 0.000000
 1.742500 0.000000 0.000000
 1.745000 0.000000 0.000000
 1.747500 0.000000 0.000000
 1.750000 0.000000 0.000000
 1.752500 0.000000 0.000000
 1.755000 0.000000 0.000000
 1.757500 0.000000 0.000000
 1.760000 0.000000 0.000000
 1.762500 0.000000 0.000000
 1.765000 0.000000 0.000000
 1.767500 0.000000 0.000000
 1.770000 0.000000 0.000000
 1.772500 0.000000 0.000000
 1.775000 0.000000 0.000000
 1.777500 0.000000 0.000000
 1.780000 0.000000 0.000000
 1.782500 0.000000 0.000000
 1.785000 0.000000 0.000000
 1.787500 0.000000 0.000000
 1.790000 0.000000 0.000000
 1.792500 0.000000 0.000000
 1.795000 0.000000 0.000000
 1.797500 0.000000 0.000000
 1.800000 0.000000 0.000000
 1.802500 0.000000 0.000000
 1.805000 0.000000 0.000000
 1.807500 0.000000 0.000000
 1.810000 0.000000 0.000000
 1.812500 0.000000 0.000000
 1.815000 0.000000 0.000000
 1.817500 0.000000 0.000000
 1.820000 0.000000 0.000000
 1.822500 0.000000 0.000000
 1.825000 0.000000 0.000000
 1.827500 0.000000 0.000000
 1.830000 0.000000 0.000000
 1.832500 0.000000 0.000000
 1.835000 0.000000 0.000000
 1.837500 0.000000 0.000000
 1.840000 0.000000 0.000000
 1.842500 0.000000 0.000000
 1.845000 0.000000 0.000000
 1.847500 0.000000 0.000000
 1.850000 0.000000 0.000000
 1.852500 0.000000 0.000000
 1.855000 0.000000 0.000000
 1.857500 0.000000 0.000000
 1.860000 0.000000 0.000000
 1.862500 0.000000 0.000000
 1.865000 0.000000 0.000000
 1.867500 0.000000 0.000000
 1.870000 0.000000 0.000000
 1.872500 0.000000 0.000000
 1.875000 0.000000 0.000000
 1.877500 0.000000 0.000000
 1.880000 0.000000 0.000000
 1.882500 0.000000 0.000000
 1.885000 0.000000 0.000000
 1.887500 0.000000 0.000000
 1.890000 0.000000 0.000000
 1.892500 0.000000 0.000000
 1.895000 0.000000 0.000000
 1.897500 0.000000 0.000000
 1.900000 0.000000 0.000000
 1.902500 0.000000 0.000000
 1.905000 0.000000 0.000000
 1.907500 0.000000 0.000000
 1.910000 0.000000 0.000000
 1.912500 0.000000 0.000000
 1.915000 0.000000 0.000000
 1.917500 0.000000 0.000000
 1.920000 0.000000 0.000000
 1.922500 0.000000 0.000000
 1.925000 0.000000 0.000000
 1.927500 0.000000 0.000000
 1.930000 0.000000 0.000000
 1.932500 0.000000 0.000000
 1.935000 0.000000 0.000000
 1.937500 0.000000 0.000000
 1.940000 0.000000 0.000000
 1.942500 0.000000 0.000000
 1.945000 0.000000 0.000000
 1.947500 0.000000 0.000000
 1.950000 0.000000 0.000000
 1.952500 0.000000 0.000000
 1.955000 0.000000 0.000000
 1.957500 0.000000 0.000000
 1.960000 0.000000 0.000000
 1.962500 0.000000 0.000000
 1.965000 0.000000 0.000000
 1.967500 0.000000 0.000000
 1.970000 0.000000 0.000000
 1.972500 0.000000 0.000000
 1.975000 0.000000 0.000000
 1.977500 0.000000 0.000000
 1.980000 0.000000 0.000000
 1.982500 0.000000 0.000000
 1.985000 0.000000 0.000000
 1.987500 0.000000 0.000000
 1.990000 0.000000 0.000000
 1.992500 0.000000 0.000000
 1.995000 0.000000 0.000000
 1.997500 0.000000 0.000000
 2.000000 0.000000 0.000000
