#! FIELDS es hh dhh_es
#! SET normalisation  200.000000
#! SET min_es -0.5
#! SET max_es 2
#! SET nbins_es  1000
#! SET periodic_es false
 -0.500000 0.000000 0.000000
 -0.497500 0.000000 0.000000
 -0.495000 0.000000 0.000000
 -0.492500 0.000000 0.000000
 -0.490000 0.000000 0.000000
 -0.487500 0.000000 0.000000
 -0.485000 0.000000 0.000000
 -0.482500 0.000000 0.000000
 -0.480000 0.000000 0.000000
 -0.477500 0.000000 0.000000
 -0.475000 0.000000 0.000000
 -0.472500 0.000000 0.000000
 -0.470000 0.000000 0.000000
 -0.467500 0.000000 0.000000
 -0.465000 0.000000 0.000000
 -0.462500 0.000000 0.000000
 -0.460000 0.000000 0.000000
 -0.457500 0.000000 0.000000
 -0.455000 0.000000 0.000000
 -0.452500 0.000000 0.000000
 -0.450000 0.000000 0.000000
 -0.447500 0.000000 0.000000
 -0.445000 0.000000 0.000000
 -0.442500 0.000000 0.000000
 -0.440000 0.000000 0.000000
 -0.437500 0.000000 0.000000
 -0.435000 0.000000 0.000000
 -0.432500 0.000000 0.000000
 -0.430000 0.000000 0.000000
 -0.427500 0.000000 0.000000
 -0.425000 0.000000 0.000000
 -0.422500 0.000000 0.000000
 -0.420000 0.000000 0.000000
 -0.417500 0.000000 0.000000
 -0.415000 0.000000 0.000000
 -0.412500 0.000000 0.000000
 -0.410000 0.000000 0.000000
 -0.407500 0.000000 0.000000
 -0.405000 0.000000 0.000000
 -0.402500 0.000000 0.000000
 -0.400000 0.000000 0.000000
 -0.397500 0.000000 0.000000
 -0.395000 0.000000 0.000000
 -0.392500 0.000000 0.000000
 -0.390000 0.000000 0.000000
 -0.387500 0.000000 0.000000
 -0.385000 0.000000 0.000000
 -0.382500 0.000000 0.000000
 -0.380000 0.000000 0.000000
 -0.377500 0.000000 0.000000
 -0.375000 0.000000 0.000000
 -0.372500 0.000000 0.000000
 -0.370000 0.000000 0.000000
 -0.367500 0.000000 0.000000
 -0.365000 0.000000 0.000000
 -0.362500 0.000000 0.000000
 -0.360000 0.000000 0.000000
 -0.357500 0.000000 0.000000
 -0.355000 0.000000 0.000000
 -0.352500 0.000000 0.000000
 -0.350000 0.000000 0.000000
 -0.347500 0.000000 0.000000
 -0.345000 0.000000 0.000000
 -0.342500 0.000000 0.000000
 -0.340000 0.000000 0.000000
 -0.337500 0.000000 0.000000
 -0.335000 0.000000 0.000000
 -0.332500 0.000000 0.000000
 -0.330000 0.000000 0.000000
 -0.327500 0.000000 0.000000
 -0.325000 0.000000 0.000000
 -0.322500 0.000000 0.000000
 -0.320000 0.000000 0.000000
 -0.317500 0.000000 0.000000
 -0.315000 0.000000 0.000000
 -0.312500 0.000000 0.000000
 -0.310000 0.000000 0.000000
 -0.307500 0.000000 0.000000
 -0.305000 0.000000 0.000000
 -0.302500 0.000000 0.000000
 -0.300000 0.000000 0.000000
 -0.297500 0.000000 0.000000
 -0.295000 0.000000 0.000000
 -0.292500 0.000000 0.000000
 -0.290000 0.000000 0.000000
 -0.287500 0.000000 0.000000
 -0.285000 0.000000 0.000000
 -0.282500 0.000000 0.000000
 -0.280000 0.000000 0.000000
 -0.277500 0.000000 0.000000
 -0.275000 0.000000 0.000000
 -0.272500 0.000000 0.000000
 -0.270000 0.000000 0.000000
 -0.267500 0.000000 0.000000
 -0.265000 0.000000 0.000000
 -0.262500 0.000000 0.000000
 -0.260000 0.000000 0.000000
 -0.257500 0.000000 0.000000
 -0.255000 0.000000 0.000000
 -0.252500 0.000000 0.000000
 -0.250000 0.000000 0.000000
 -0.247500 0.000000 0.000000
 -0.245000 0.000000 0.000000
 -0.242500 0.000000 0.000000
 -0.240000 0.000000 0.000000
 -0.237500 0.000000 0.000000
 -0.235000 0.000000 0.000000
 -0.232500 0.000000 0.000000
 -0.230000 0.000000 0.000000
 -0.227500 0.000000 0.000000
 -0.225000 0.000000 0.000000
 -0.222500 0.000000 0.000000
 -0.220000 0.000000 0.000000
 -0.217500 0.000000 0.000000
 -0.215000 0.000000 0.000000
 -0.212500 0.000000 0.000000
 -0.210000 0.000000 0.000000
 -0.207500 0.000000 0.000000
 -0.205000 0.000000 0.000000
 -0.202500 0.000000 0.000000
 -0.200000 0.000000 0.000000
 -0.197500 0.000000 0.000000
 -0.195000 0.000000 0.000000
 -0.192500 0.000000 0.000000
 -0.190000 0.000000 0.000000
 -0.187500 0.000000 0.000000
 -0.185000 0.000000 0.000000
 -0.182500 0.000000 0.000000
 -0.180000 0.000000 0.000000
 -0.177500 0.000000 0.000000
 -0.175000 0.000000 0.000000
 -0.172500 0.000000 0.000000
 -0.170000 0.000000 0.000000
 -0.167500 0.000000 0.000000
 -0.165000 0.000000 0.000000
 -0.162500 0.000000 0.000000
 -0.160000 0.000000 0.000000
 -0.157500 0.000000 0.000000
 -0.155000 0.000000 0.000000
 -0.152500 0.000000 0.000000
 -0.150000 0.000000 0.000000
 -0.147500 0.000000 0.000000
 -0.145000 0.000000 0.000000
 -0.142500 0.000000 0.000000
 -0.140000 0.000000 0.000000
 -0.137500 0.000000 0.000000
 -0.135000 0.000000 0.000000
 -0.132500 0.000000 0.000000
 -0.130000 0.000000 0.000000
 -0.127500 0.000000 0.000000
 -0.125000 0.000000 0.000000
 -0.122500 0.000000 0.000000
 -0.120000 0.000000 0.000000
 -0.117500 0.000000 0.000000
 -0.115000 0.000000 0.000000
 -0.112500 0.000000 0.000000
 -0.110000 0.000000 0.000000
 -0.107500 0.000000 0.000000
 -0.105000 0.000000 0.000000
 -0.102500 0.000000 0.000000
 -0.100000 0.000000 0.000000
 -0.097500 0.000000 0.000000
 -0.095000 0.000000 0.000000
 -0.092500 0.000000 0.000000
 -0.090000 0.000000 0.000000
 -0.087500 0.000000 0.000000
 -0.085000 0.000000 0.000000
 -0.082500 0.000000 0.000000
 -0.080000 0.000000 0.000000
 -0.077500 0.000000 0.000000
 -0.075000 0.000000 0.000000
 -0.072500 0.000000 0.000000
 -0.070000 0.000000 0.000000
 -0.067500 0.000000 0.000000
 -0.065000 0.000000 0.000000
 -0.062500 0.000000 0.000000
 -0.060000 0.000000 0.000000
 -0.057500 0.000000 0.000000
 -0.055000 0.000000 0.000000
 -0.052500 0.000000 0.000000
 -0.050000 0.000000 0.000000
 -0.047500 0.000000 0.000000
 -0.045000 0.000000 0.000000
 -0.042500 0.000000 0.000000
 -0.040000 0.000000 0.000000
 -0.037500 0.000000 0.000000
 -0.035000 0.000000 0.000000
 -0.032500 0.000000 0.000000
 -0.030000 0.000000 0.000000
 -0.027500 0.000000 0.000000
 -0.025000 0.000000 0.000000
 -0.022500 0.000000 0.000000
 -0.020000 0.000000 0.000000
 -0.017500 0.000000 0.000000
 -0.015000 0.000000 0.000000
 -0.012500 0.000000 0.000000
 -0.010000 0.000000 0.000000
 -0.007500 0.000000 0.000000
 -0.005000 0.000000 0.000000
 -0.002500 0.000000 0.000000
 0.000000 0.000000 0.000000
 0.002500 0.000000 0.000000
 0.005000 0.000000 0.000000
 0.007500 0.000000 0.000000
 0.010000 0.000000 0.000000
 0.012500 0.000000 0.000000
 0.015000 0.000000 0.000000
 0.017500 0.000000 0.000000
 0.020000 0.000000 0.000000
 0.022500 0.000000 0.000000
 0.025000 0.000000 0.000000
 0.027500 0.000000 0.000000
 0.030000 0.000000 0.000000
 0.032500 0.000000 0.000000
 0.035000 0.000000 0.000000
 0.037500 0.000000 0.000000
 0.040000 0.000000 0.000000
 0.042500 0.000000 0.000000
 0.045000 0.000000 0.000000
 0.047500 0.000000 0.000000
 0.050000 0.000000 0.000000
 0.052500 0.000000 0.000000
 0.055000 0.000000 0.000000
 0.057500 0.000000 0.000000
 0.060000 0.000000 0.000000
 0.062500 0.000000 0.000000
 0.065000 0.000000 0.000000
 0.067500 0.000000 0.000000
 0.070000 0.000000 0.000000
 0.072500 0.000000 0.000000
 0.075000 0.000000 0.000000
 0.077500 0.000000 0.000000
 0.080000 0.000000 0.000000
 0.082500 0.000000 0.000000
 0.085000 0.000000 0.000000
 0.087500 0.000000 0.000000
 0.090000 0.000000 0.000000
 0.092500 0.000000 0.000128
 0.095000 0.000001 0.000315
 0.097500 0.000002 0.000726
 0.100000 0.000005 0.001564
 0.102500 0.000012 0.003576
 0.105000 0.000025 0.007160
 0.107500 0.000050 0.013141
 0.110000 0.000094 0.022694
 0.112500 0.000168 0.037168
 0.115000 0.000285 0.057489
 0.117500 0.000461 0.083877
 0.120000 0.000711 0.115970
 0.122500 0.001047 0.152667
 0.125000 0.001477 0.191101
 0.127500 0.002004 0.229274
 0.130000 0.002623 0.264917
 0.132500 0.003330 0.299298
 0.135000 0.004125 0.335724
 0.137500 0.005022 0.380598
 0.140000 0.006049 0.442161
 0.142500 0.007257 0.527547
 0.145000 0.008718 0.643490
 0.147500 0.010506 0.790793
 0.150000 0.012699 0.967039
 0.152500 0.015368 1.168630
 0.155000 0.018567 1.389761
 0.157500 0.022340 1.625448
 0.160000 0.026710 1.866341
 0.162500 0.031678 2.100972
 0.165000 0.037206 2.312308
 0.167500 0.043216 2.483061
 0.170000 0.049592 2.603896
 0.172500 0.056214 2.680339
 0.175000 0.063000 2.739621
 0.177500 0.069960 2.826601
 0.180000 0.077222 2.990037
 0.182500 0.085029 3.268070
 0.185000 0.093714 3.685695
 0.187500 0.103602 4.235303
 0.190000 0.115032 4.910656
 0.192500 0.128288 5.697724
 0.195000 0.143659 6.599220
 0.197500 0.161433 7.622000
 0.200000 0.181910 8.764756
 0.202500 0.205379 10.005587
 0.205000 0.232019 11.292096
 0.207500 0.261859 12.545221
 0.210000 0.294694 13.675286
 0.212500 0.330124 14.606685
 0.215000 0.367577 15.287504
 0.217500 0.406389 15.694212
 0.220000 0.445893 15.841933
 0.222500 0.485493 15.777906
 0.225000 0.524733 15.569936
 0.227500 0.563386 15.327861
 0.230000 0.601537 15.193849
 0.232500 0.639655 15.320674
 0.235000 0.678545 15.833595
 0.237500 0.719277 16.794719
 0.240000 0.762940 18.162325
 0.242500 0.810390 19.787005
 0.245000 0.861984 21.437010
 0.247500 0.917462 22.864879
 0.250000 0.976028 23.876262
 0.252500 1.036493 24.383279
 0.255000 1.097634 24.434296
 0.257500 1.158467 24.157976
 0.260000 1.218381 23.737957
 0.262500 1.277252 23.358035
 0.265000 1.335350 23.119785
 0.267500 1.393120 23.112245
 0.270000 1.451182 23.345309
 0.272500 1.510139 23.843534
 0.275000 1.570670 24.605921
 0.277500 1.633478 25.653418
 0.280000 1.699229 26.951868
 0.282500 1.768459 28.427828
 0.285000 1.841442 29.946585
 0.287500 1.918135 31.350054
 0.290000 1.998007 32.488383
 0.292500 2.080281 33.259082
 0.295000 2.163944 33.599975
 0.297500 2.247935 33.527440
 0.300000 2.331238 33.055323
 0.302500 2.412883 32.193770
 0.305000 2.491927 30.974713
 0.307500 2.567520 29.454881
 0.310000 2.639025 27.744402
 0.312500 2.706187 26.002240
 0.315000 2.769146 24.432938
 0.317500 2.828621 23.234344
 0.320000 2.885702 22.541777
 0.322500 2.941733 22.384259
 0.325000 2.997986 22.720998
 0.327500 3.055543 23.408588
 0.330000 3.115089 24.269886
 0.332500 3.176759 25.103687
 0.335000 3.240243 25.700745
 0.337500 3.304755 25.874825
 0.340000 3.369039 25.522629
 0.342500 3.431723 24.583105
 0.345000 3.491322 23.093303
 0.347500 3.546576 21.124634
 0.350000 3.596470 18.836588
 0.352500 3.640381 16.357544
 0.355000 3.677994 13.853309
 0.357500 3.709453 11.428191
 0.360000 3.735056 9.188777
 0.362500 3.755369 7.198101
 0.365000 3.771088 5.569409
 0.367500 3.783255 4.341303
 0.370000 3.792902 3.576481
 0.372500 3.801242 3.288505
 0.375000 3.809472 3.493793
 0.377500 3.818739 4.128026
 0.380000 3.830006 5.051768
 0.382500 3.843740 6.089280
 0.385000 3.859953 7.006647
 0.387500 3.878056 7.562120
 0.390000 3.896876 7.552488
 0.392500 3.914849 6.854203
 0.395000 3.930162 5.436354
 0.397500 3.941087 3.383552
 0.400000 3.946229 0.837540
 0.402500 3.944616 -1.978474
 0.405000 3.935916 -4.801131
 0.407500 3.920391 -7.365843
 0.410000 3.899016 -9.459208
 0.412500 3.873229 -10.874393
 0.415000 3.844852 -11.512976
 0.417500 3.815840 -11.408743
 0.420000 3.787866 -10.707608
 0.422500 3.762061 -9.717510
 0.425000 3.738744 -8.798820
 0.427500 3.717241 -8.291587
 0.430000 3.696203 -8.476639
 0.432500 3.673708 -9.464168
 0.435000 3.647757 -11.181544
 0.437500 3.616763 -13.453494
 0.440000 3.579731 -16.002630
 0.442500 3.536331 -18.491633
 0.445000 3.487030 -20.640485
 0.447500 3.433019 -22.230820
 0.450000 3.375919 -23.118836
 0.452500 3.317552 -23.236668
 0.455000 3.259812 -22.654878
 0.457500 3.204204 -21.548471
 0.460000 3.151738 -20.227170
 0.462500 3.102529 -18.989226
 0.465000 3.056007 -18.114225
 0.467500 3.011050 -17.747392
 0.470000 2.966332 -17.898000
 0.472500 2.920719 -18.437990
 0.475000 2.873474 -19.149977
 0.477500 2.824504 -19.797478
 0.480000 2.774236 -20.180878
 0.482500 2.723468 -20.162760
 0.485000 2.673258 -19.751319
 0.487500 2.624492 -19.034974
 0.490000 2.577732 -18.175159
 0.492500 2.533104 -17.369534
 0.495000 2.490269 -16.779829
 0.497500 2.448537 -16.472991
 0.500000 2.407244 -16.445398
 0.502500 2.365765 -16.569642
 0.505000 2.323930 -16.723658
 0.507500 2.281824 -16.759181
 0.510000 2.239859 -16.609709
 0.512500 2.198503 -16.285253
 0.515000 2.158108 -15.872509
 0.517500 2.118716 -15.501393
 0.520000 2.080027 -15.327143
 0.522500 2.041447 -15.443766
 0.525000 2.002185 -15.845999
 0.527500 1.961637 -16.465676
 0.530000 1.919456 -17.140438
 0.532500 1.875713 -17.701572
 0.535000 1.830794 -18.045792
 0.537500 1.785286 -18.171846
 0.540000 1.739668 -18.170513
 0.542500 1.694111 -18.152114
 0.545000 1.648514 -18.199687
 0.547500 1.602708 -18.321460
 0.550000 1.556596 -18.418094
 0.552500 1.510412 -18.361363
 0.555000 1.464694 -18.033150
 0.557500 1.420202 -17.397298
 0.560000 1.377619 -16.527247
 0.562500 1.337328 -15.584135
 0.565000 1.299296 -14.755050
 0.567500 1.263050 -14.170089
 0.570000 1.227908 -13.873322
 0.572500 1.193213 -13.795880
 0.575000 1.158600 -13.798076
 0.577500 1.124057 -13.704917
 0.580000 1.090001 -13.401144
 0.582500 1.057033 -12.827613
 0.585000 1.025805 -12.021608
 0.587500 0.996764 -11.094116
 0.590000 0.970064 -10.185815
 0.592500 0.945495 -9.421879
 0.595000 0.922560 -8.880907
 0.597500 0.900658 -8.603634
 0.600000 0.879169 -8.556730
 0.602500 0.857541 -8.681585
 0.605000 0.835459 -8.919928
 0.607500 0.812727 -9.195562
 0.610000 0.789301 -9.453363
 0.612500 0.765301 -9.662844
 0.615000 0.740878 -9.784269
 0.617500 0.716289 -9.803896
 0.620000 0.691788 -9.711808
 0.622500 0.667646 -9.529387
 0.625000 0.644054 -9.283925
 0.627500 0.621099 -9.020591
 0.630000 0.598776 -8.794949
 0.632500 0.576926 -8.645722
 0.635000 0.555339 -8.579023
 0.637500 0.533847 -8.559974
 0.640000 0.512419 -8.523037
 0.642500 0.491201 -8.377821
 0.645000 0.470560 -8.044494
 0.647500 0.451022 -7.496041
 0.650000 0.433119 -6.752499
 0.652500 0.417258 -5.873101
 0.655000 0.403662 -4.958331
 0.657500 0.392294 -4.110517
 0.660000 0.382885 -3.407986
 0.662500 0.374990 -2.896998
 0.665000 0.368107 -2.611387
 0.667500 0.361657 -2.548654
 0.670000 0.355093 -2.699615
 0.672500 0.347902 -3.050687
 0.675000 0.339625 -3.568093
 0.677500 0.329883 -4.194995
 0.680000 0.318516 -4.864646
 0.682500 0.305536 -5.475640
 0.685000 0.291209 -5.915675
 0.687500 0.276094 -6.100926
 0.690000 0.260905 -5.975105
 0.692500 0.246423 -5.542814
 0.695000 0.233337 -4.869139
 0.697500 0.222118 -4.072851
 0.700000 0.212896 -3.296121
 0.702500 0.205465 -2.663715
 0.705000 0.199329 -2.268159
 0.707500 0.193841 -2.138033
 0.710000 0.188370 -2.246622
 0.712500 0.182421 -2.510150
 0.715000 0.175731 -2.816071
 0.717500 0.168328 -3.067480
 0.720000 0.160444 -3.195130
 0.722500 0.152422 -3.174501
 0.725000 0.144611 -3.039266
 0.727500 0.137232 -2.846888
 0.730000 0.130340 -2.655512
 0.732500 0.123876 -2.511846
 0.735000 0.117705 -2.422158
 0.737500 0.111714 -2.360751
 0.740000 0.105878 -2.286685
 0.742500 0.100282 -2.168757
 0.745000 0.095055 -1.996801
 0.747500 0.090307 -1.784699
 0.750000 0.086095 -1.574509
 0.752500 0.082358 -1.405457
 0.755000 0.078970 -1.307627
 0.757500 0.075742 -1.271846
 0.760000 0.072550 -1.275644
 0.762500 0.069345 -1.277068
 0.765000 0.066181 -1.238732
 0.767500 0.063180 -1.141596
 0.770000 0.060490 -0.995296
 0.772500 0.058195 -0.833946
 0.775000 0.056273 -0.702802
 0.777500 0.054597 -0.648912
 0.780000 0.052934 -0.687029
 0.782500 0.051066 -0.814407
 0.785000 0.048814 -0.987427
 0.787500 0.046131 -1.151429
 0.790000 0.043102 -1.250297
 0.792500 0.039943 -1.251236
 0.795000 0.036916 -1.147273
 0.797500 0.034269 -0.956530
 0.800000 0.032166 -0.714314
 0.802500 0.030686 -0.468226
 0.805000 0.029780 -0.262768
 0.807500 0.029304 -0.128478
 0.810000 0.029054 -0.083948
 0.812500 0.028803 -0.127169
 0.815000 0.028355 -0.238479
 0.817500 0.027577 -0.383309
 0.820000 0.026432 -0.521989
 0.822500 0.024985 -0.622466
 0.825000 0.023362 -0.661945
 0.827500 0.021720 -0.639313
 0.830000 0.020196 -0.571824
 0.832500 0.018869 -0.487788
 0.835000 0.017743 -0.415551
 0.837500 0.016762 -0.374848
 0.840000 0.015836 -0.369078
 0.842500 0.014891 -0.387644
 0.845000 0.013891 -0.410157
 0.847500 0.012851 -0.414555
 0.850000 0.011837 -0.388754
 0.852500 0.010930 -0.328586
 0.855000 0.010210 -0.242905
 0.857500 0.009720 -0.145476
 0.860000 0.009469 -0.055945
 0.862500 0.009414 0.009849
 0.865000 0.009483 0.038562
 0.867500 0.009572 0.025992
 0.870000 0.009578 -0.026151
 0.872500 0.009416 -0.107415
 0.875000 0.009030 -0.200721
 0.877500 0.008414 -0.287445
 0.880000 0.007609 -0.349060
 0.882500 0.006696 -0.373941
 0.885000 0.005773 -0.356323
 0.887500 0.004943 -0.301714
 0.890000 0.004284 -0.221789
 0.892500 0.003840 -0.133612
 0.895000 0.003609 -0.053305
 0.897500 0.003554 0.005651
 0.900000 0.003612 0.036286
 0.902500 0.003711 0.039577
 0.905000 0.003788 0.020298
 0.907500 0.003800 -0.012828
 0.910000 0.003720 -0.050755
 0.912500 0.003545 -0.087531
 0.915000 0.003283 -0.118959
 0.917500 0.002952 -0.143851
 0.920000 0.002569 -0.160388
 0.922500 0.002158 -0.167193
 0.925000 0.001742 -0.163705
 0.927500 0.001346 -0.150994
 0.930000 0.000993 -0.130728
 0.932500 0.000696 -0.106077
 0.935000 0.000463 -0.080573
 0.937500 0.000292 -0.057247
 0.940000 0.000173 -0.037730
 0.942500 0.000097 -0.023302
 0.945000 0.000051 -0.013444
 0.947500 0.000025 -0.007357
 0.950000 0.000012 -0.003760
 0.952500 0.000005 -0.001797
 0.955000 0.000002 -0.000605
 0.957500 0.000000 0.000000
 0.960000 0.000000 0.000000
 0.962500 0.000000 0.000000
 0.965000 0.000000 0.000000
 0.967500 0.000000 0.000000
 0.970000 0.000000 0.000000
 0.972500 0.000000 0.000000
 0.975000 0.000000 0.000000
 0.977500 0.000000 0.000000
 0.980000 0.000000 0.000000
 0.982500 0.000000 0.000000
 0.985000 0.000000 0.000000
 0.987500 0.000000 0.000000
 0.990000 0.000000 0.000000
 0.992500 0.000000 0.000000
 0.995000 0.000000 0.000000
 0.997500 0.000000 0.000000
 1.000000 0.000000 0.000000
 1.002500 0.000000 0.000000
 1.005000 0.000000 0.000000
 1.007500 0.000000 0.000000
 1.010000 0.000000 0.000000
 1.012500 0.000000 0.000000
 1.015000 0.000000 0.000000
 1.017500 0.000000 0.000000
 1.020000 0.000000 0.000000
 1.022500 0.000000 0.000000
 1.025000 0.000000 0.000000
 1.027500 0.000000 0.000000
 1.030000 0.000000 0.000000
 1.032500 0.000000 0.000000
 1.035000 0.000000 0.000000
 1.037500 0.000000 0.000000
 1.040000 0.000000 0.000000
 1.042500 0.000000 0.000000
 1.045000 0.000000 0.000000
 1.047500 0.000000 0.000000
 1.050000 0.000000 0.000000
 1.052500 0.000000 0.000000
 1.055000 0.000000 0.000000
 1.057500 0.000000 0.000000
 1.060000 0.000000 0.000000
 1.062500 0.000000 0.000000
 1.065000 0.000000 0.000000
 1.067500 0.000000 0.000000
 1.070000 0.000000 0.000000
 1.072500 0.000000 0.000000
 1.075000 0.000000 0.000000
 1.077500 0.000000 0.000000
 1.080000 0.000000 0.000000
 1.082500 0.000000 0.000000
 1.085000 0.000000 0.000000
 1.087500 0.000000 0.000000
 1.090000 0.000000 0.000000
 1.092500 0.000000 0.000000
 1.095000 0.000000 0.000000
 1.097500 0.000000 0.000000
 1.100000 0.000000 0.000000
 1.102500 0.000000 0.000000
 1.105000 0.000000 0.000000
 1.107500 0.000000 0.000000
 1.110000 0.000000 0.000000
 1.112500 0.000000 0.000000
 1.115000 0.000000 0.000000
 1.117500 0.000000 0.000000
 1.120000 0.000000 0.000000
 1.122500 0.000000 0.000000
 1.125000 0.000000 0.000000
 1.127500 0.000000 0.000000
 1.130000 0.000000 0.000000
 1.132500 0.000000 0.000000
 1.135000 0.000000 0.000000
 1.137500 0.000000 0.000000
 1.140000 0.000000 0.000000
 1.142500 0.000000 0.000000
 1.145000 0.000000 0.000000
 1.147500 0.000000 0.000000
 1.150000 0.000000 0.000000
 1.152500 0.000000 0.000000
 1.155000 0.000000 0.000000
 1.157500 0.000000 0.000000
 1.160000 0.000000 0.000000
 1.162500 0.000000 0.000000
 1.165000 0.000000 0.000000
 1.167500 0.000000 0.000000
 1.170000 0.000000 0.000000
 1.172500 0.000000 0.000000
 1.175000 0.000000 0.000000
 1.177500 0.000000 0.000000
 1.180000 0.000000 0.000000
 1.182500 0.000000 0.000000
 1.185000 0.000000 0.000000
 1.187500 0.000000 0.000000
 1.190000 0.000000 0.000000
 1.192500 0.000000 0.000000
 1.195000 0.000000 0.000000
 1.197500 0.000000 0.000000
 1.200000 0.000000 0.000000
 1.202500 0.000000 0.000000
 1.205000 0.000000 0.000000
 1.207500 0.000000 0.000000
 1.210000 0.000000 0.000000
 1.212500 0.000000 0.000000
 1.215000 0.000000 0.000000
 1.217500 0.000000 0.000000
 1.220000 0.000000 0.000000
 1.222500 0.000000 0.000000
 1.225000 0.000000 0.000000
 1.227500 0.000000 0.000000
 1.230000 0.000000 0.000000
 1.232500 0.000000 0.000000
 1.235000 0.000000 0.000000
 1.237500 0.000000 0.000000
 1.240000 0.000000 0.000000
 1.242500 0.000000 0.000000
 1.245000 0.000000 0.000000
 1.247500 0.000000 0.000000
 1.250000 0.000000 0.000000
 1.252500 0.000000 0.000000
 1.255000 0.000000 0.000000
 1.257500 0.000000 0.000000
 1.260000 0.000000 0.000000
 1.262500 0.000000 0.000000
 1.265000 0.000000 0.000000
 1.267500 0.000000 0.000000
 1.270000 0.000000 0.000000
 1.272500 0.000000 0.000000
 1.275000 0.000000 0.000000
 1.277500 0.000000 0.000000
 1.280000 0.000000 0.000000
 1.282500 0.000000 0.000000
 1.285000 0.000000 0.000000
 1.287500 0.000000 0.000000
 1.290000 0.000000 0.000000
 1.292500 0.000000 0.000000
 1.295000 0.000000 0.000000
 1.297500 0.000000 0.000000
 1.300000 0.000000 0.000000
 1.302500 0.000000 0.000000
 1.305000 0.000000 0.000000
 1.307500 0.000000 0.000000
 1.310000 0.000000 0.000000
 1.312500 0.000000 0.000000
 1.315000 0.000000 0.000000
 1.317500 0.000000 0.000000
 1.320000 0.000000 0.000000
 1.322500 0.000000 0.000000
 1.325000 0.000000 0.000000
 1.327500 0.000000 0.000000
 1.330000 0.000000 0.000000
 1.332500 0.000000 0.000000
 1.335000 0.000000 0.000000
 1.337500 0.000000 0.000000
 1.340000 0.000000 0.000000
 1.342500 0.000000 0.000000
 1.345000 0.000000 0.000000
 1.347500 0.000000 0.000000
 1.350000 0.000000 0.000000
 1.352500 0.000000 0.000000
 1.355000 0.000000 0.000000
 1.357500 0.000000 0.000000
 1.360000 0.000000 0.000000
 1.362500 0.000000 0.000000
 1.365000 0.000000 0.000000
 1.367500 0.000000 0.000000
 1.370000 0.000000 0.000000
 1.372500 0.000000 0.000000
 1.375000 0.000000 0.000000
 1.377500 0.000000 0.000000
 1.380000 0.000000 0.000000
 1.382500 0.000000 0.000000
 1.385000 0.000000 0.000000
 1.387500 0.000000 0.000000
 1.390000 0.000000 0.000000
 1.392500 0.000000 0.000000
 1.395000 0.000000 0.000000
 1.397500 0.000000 0.000000
 1.400000 0.000000 0.000000
 1.402500 0.000000 0.000000
 1.405000 0.000000 0.000000
 1.407500 0.000000 0.000000
 1.410000 0.000000 0.000000
 1.412500 0.000000 0.000000
 1.415000 0.000000 0.000000
 1.417500 0.000000 0.000000
 1.420000 0.000000 0.000000
 1.422500 0.000000 0.000000
 1.425000 0.000000 0.000000
 1.427500 0.000000 0.000000
 1.430000 0.000000 0.000000
 1.432500 0.000000 0.000000
 1.435000 0.000000 0.000000
 1.437500 0.000000 0.000000
 1.440000 0.000000 0.000000
 1.442500 0.000000 0.000000
 1.445000 0.000000 0.000000
 1.447500 0.000000 0.000000
 1.450000 0.000000 0.000000
 1.452500 0.000000 0.000000
 1.455000 0.000000 0.000000
 1.457500 0.000000 0.000000
 1.460000 0.000000 0.000000
 1.462500 0.000000 0.000000
 1.465000 0.000000 0.000000
 1.467500 0.000000 0.000000
 1.470000 0.000000 0.000000
 1.472500 0.000000 0.000000
 1.475000 0.000000 0.000000
 1.477500 0.000000 0.000000
 1.480000 0.000000 0.000000
 1.482500 0.000000 0.000000
 1.485000 0.000000 0.000000
 1.487500 0.000000 0.000000
 1.490000 0.000000 0.000000
 1.492500 0.000000 0.000000
 1.495000 0.000000 0.000000
 1.497500 0.000000 0.000000
 1.500000 0.000000 0.000000
 1.502500 0.000000 0.000000
 1.505000 0.000000 0.000000
 1.507500 0.000000 0.000000
 1.510000 0.000000 0.000000
 1.512500 0.000000 0.000000
 1.515000 0.000000 0.000000
 1.517500 0.000000 0.000000
 1.520000 0.000000 0.000000
 1.522500 0.000000 0.000000
 1.525000 0.000000 0.000000
 1.527500 0.000000 0.000000
 1.530000 0.000000 0.000000
 1.532500 0.000000 0.000000
 1.535000 0.000000 0.000000
 1.537500 0.000000 0.000000
 1.540000 0.000000 0.000000
 1.542500 0.000000 0.000000
 1.545000 0.000000 0.000000
 1.547500 0.000000 0.000000
 1.550000 0.000000 0.000000
 1.552500 0.000000 0.000000
 1.555000 0.000000 0.000000
 1.557500 0.000000 0.000000
 1.560000 0.000000 0.000000
 1.562500 0.000000 0.000000
 1.565000 0.000000 0.000000
 1.567500 0.000000 0.000000
 1.570000 0.000000 0.000000
 1.572500 0.000000 0.000000
 1.575000 0.000000 0.000000
 1.577500 0.000000 0.000000
 1.580000 0.000000 0.000000
 1.582500 0.000000 0.000000
 1.585000 0.000000 0.000000
 1.587500 0.000000 0.000000
 1.590000 0.000000 0.000000
 1.592500 0.000000 0.000000
 1.595000 0.000000 0.000000
 1.597500 0.000000 0.000000
 1.600000 0.000000 0.000000
 1.602500 0.000000 0.000000
 1.605000 0.000000 0.000000
 1.607500 0.000000 0.000000
 1.610000 0.000000 0.000000
 1.612500 0.000000 0.000000
 1.615000 0.000000 0.000000
 1.617500 0.000000 0.000000
 1.620000 0.000000 0.000000
 1.622500 0.000000 0.000000
 1.625000 0.000000 0.000000
 1.627500 0.000000 0.000000
 1.630000 0.000000 0.000000
 1.632500 0.000000 0.000000
 1.635000 0.000000 0.000000
 1.637500 0.000000 0.000000
 1.640000 0.000000 0.000000
 1.642500 0.000000 0.000000
 1.645000 0.000000 0.000000
 1.647500 0.000000 0.000000
 1.650000 0.000000 0.000000
 1.652500 0.000000 0.000000
 1.655000 0.000000 0.000000
 1.657500 0.000000 0.000000
 1.660000 0.000000 0.000000
 1.662500 0.000000 0.000000
 1.665000 0.000000 0.000000
 1.667500 0.000000 0.000000
 1.670000 0.000000 0.000000
 1.672500 0.000000 0.000000
 1.675000 0.000000 0.000000
 1.677500 0.000000 0.000000
 1.680000 0.000000 0.000000
 1.682500 0.000000 0.000000
 1.685000 0.000000 0.000000
 1.687500 0.000000 0.000000
 1.690000 0.000000 0.000000
 1.692500 0.000000 0.000000
 1.695000 0.000000 0.000000
 1.697500 0.000000 0.000000
 1.700000 0.000000 0.000000
 1.702500 0.000000 0.000000
 1.705000 0.000000 0.000000
 1.707500 0.000000 0.000000
 1.710000 0.000000 0.000000
 1.712500 0.000000 0.000000
 1.715000 0.000000 0.000000
 1.717500 0.000000 0.000000
 1.720000 0.000000 0.000000
 1.722500 0.000000 0.000000
 1.725000 0.000000 0.000000
 1.727500 0.000000 0.000000
 1.730000 0.000000 0.000000
 1.732500 0.000000 0.000000
 1.735000 0.000000 0.000000
 1.737500 0.000000 0.000000
 1.740000 0.000000 0.000000
 1.742500 0.000000 0.000000
 1.745000 0.000000 0.000000
 1.747500 0.000000 0.000000
 1.750000 0.000000 0.000000
 1.752500 0.000000 0.000000
 1.755000 0.000000 0.000000
 1.757500 0.000000 0.000000
 1.760000 0.000000 0.000000
 1.762500 0.000000 0.000000
 1.765000 0.000000 0.000000
 1.767500 0.000000 0.000000
 1.770000 0.000000 0.000000
 1.772500 0.000000 0.000000
 1.775000 0.000000 0.000000
 1.777500 0.000000 0.000000
 1.780000 0.000000 0.000000
 1.782500 0.000000 0.000000
 1.785000 0.000000 0.000000
 1.787500 0.000000 0.000000
 1.790000 0.000000 0.000000
 1.792500 0.000000 0.000000
 1.795000 0.000000 0.000000
 1.797500 0.000000 0.000000
 1.800000 0.000000 0.000000
 1.802500 0.000000 0.000000
 1.805000 0.000000 0.000000
 1.807500 0.000000 0.000000
 1.810000 0.000000 0.000000
 1.812500 0.000000 0.000000
 1.815000 0.000000 0.000000
 1.817500 0.000000 0.000000
 1.820000 0.000000 0.000000
 1.822500 0.000000 0.000000
 1.825000 0.000000 0.000000
 1.827500 0.000000 0.000000
 1.830000 0.000000 0.000000
 1.832500 0.000000 0.000000
 1.835000 0.000000 0.000000
 1.837500 0.000000 0.000000
 1.840000 0.000000 0.000000
 1.842500 0.000000 0.000000
 1.845000 0.000000 0.000000
 1.847500 0.000000 0.000000
 1.850000 0.000000 0.000000
 1.852500 0.000000 0.000000
 1.855000 0.000000 0.000000
 1.857500 0.000000 0.000000
 1.860000 0.000000 0.000000
 1.862500 0.000000 0.000000
 1.865000 0.000000 0.000000
 1.867500 0.000000 0.000000
 1.870000 0.000000 0.000000
 1.872500 0.000000 0.000000
 1.875000 0.000000 0.000000
 1.877500 0.000000 0.000000
 1.880000 0.000000 0.000000
 1.882500 0.000000 0.000000
 1.885000 0.000000 0.000000
 1.887500 0.000000 0.000000
 1.890000 0.000000 0.000000
 1.892500 0.000000 0.000000
 1.895000 0.000000 0.000000
 1.897500 0.000000 0.000000
 1.900000 0.000000 0.000000
 1.902500 0.000000 0.000000
 1.905000 0.000000 0.000000
 1.907500 0.000000 0.000000
 1.910000 0.000000 0.000000
 1.912500 0.000000 0.000000
 1.915000 0.000000 0.000000
 1.917500 0.000000 0.000000
 1.920000 0.000000 0.000000
 1.922500 0.000000 0.000000
 1.925000 0.000000 0.000000
 1.927500 0.000000 0.000000
 1.930000 0.000000 0.000000
 1.932500 0.000000 0.000000
 1.935000 0.000000 0.000000
 1.937500 0.000000 0.000000
 1.940000 0.000000 0.000000
 1.942500 0.000000 0.000000
 1.945000 0.000000 0.000000
 1.947500 0.000000 0.000000
 1.950000 0.000000 0.000000
 1.952500 0.000000 0.000000
 1.955000 0.000000 0.000000
 1.957500 0.000000 0.000000
 1.960000 0.000000 0.000000
 1.962500 0.000000 0.000000
 1.965000 0.000000 0.000000
 1.967500 0.000000 0.000000
 1.970000 0.000000 0.000000
 1.972500 0.000000 0.000000
 1.975000 0.000000 0.000000
 1.977500 0.000000 0.000000
 1.980000 0.000000 0.000000
 1.982500 0.000000 0.000000
 1.985000 0.000000 0.000000
 1.987500 0.000000 0.000000
 1.990000 0.000000 0.000000
 1.992500 0.000000 0.000000
 1.995000 0.000000 0.000000
 1.997500 0.000000 0.000000
 2.000000 0.000000 0.000000
