#! FIELDS es hh dhh_es
#! SET normalisation  200.000000
#! SET min_es -0.5
#! SET max_es 2
#! SET nbins_es  1000
#! SET periodic_es false
 -0.500000 0.000000 0.000000
 -0.497500 0.000000 0.000000
 -0.495000 0.000000 0.000000
 -0.492500 0.000000 0.000000
 -0.490000 0.000000 0.000000
 -0.487500 0.000000 0.000000
 -0.485000 0.000000 0.000000
 -0.482500 0.000000 0.000000
 -0.480000 0.000000 0.000000
 -0.477500 0.000000 0.000000
 -0.475000 0.000000 0.000000
 -0.472500 0.000000 0.000000
 -0.470000 0.000000 0.000000
 -0.467500 0.000000 0.000000
 -0.465000 0.000000 0.000000
 -0.462500 0.000000 0.000000
 -0.460000 0.000000 0.000000
 -0.457500 0.000000 0.000000
 -0.455000 0.000000 0.000000
 -0.452500 0.000000 0.000000
 -0.450000 0.000000 0.000000
 -0.447500 0.000000 0.000000
 -0.445000 0.000000 0.000000
 -0.442500 0.000000 0.000000
 -0.440000 0.000000 0.000000
 -0.437500 0.000000 0.000000
 -0.435000 0.000000 0.000000
 -0.432500 0.000000 0.000000
 -0.430000 0.000000 0.000000
 -0.427500 0.000000 0.000000
 -0.425000 0.000000 0.000000
 -0.422500 0.000000 0.000000
 -0.420000 0.000000 0.000000
 -0.417500 0.000000 0.000000
 -0.415000 0.000000 0.000000
 -0.412500 0.000000 0.000000
 -0.410000 0.000000 0.000000
 -0.407500 0.000000 0.000000
 -0.405000 0.000000 0.000000
 -0.402500 0.000000 0.000000
 -0.400000 0.000000 0.000000
 -0.397500 0.000000 0.000000
 -0.395000 0.000000 0.000000
 -0.392500 0.000000 0.000000
 -0.390000 0.000000 0.000000
 -0.387500 0.000000 0.000000
 -0.385000 0.000000 0.000000
 -0.382500 0.000000 0.000000
 -0.380000 0.000000 0.000000
 -0.377500 0.000000 0.000000
 -0.375000 0.000000 0.000000
 -0.372500 0.000000 0.000000
 -0.370000 0.000000 0.000000
 -0.367500 0.000000 0.000000
 -0.365000 0.000000 0.000000
 -0.362500 0.000000 0.000000
 -0.360000 0.000000 0.000000
 -0.357500 0.000000 0.000000
 -0.355000 0.000000 0.000000
 -0.352500 0.000000 0.000000
 -0.350000 0.000000 0.000000
 -0.347500 0.000000 0.000000
 -0.345000 0.000000 0.000000
 -0.342500 0.000000 0.000000
 -0.340000 0.000000 0.000000
 -0.337500 0.000000 0.000000
 -0.335000 0.000000 0.000000
 -0.332500 0.000000 0.000000
 -0.330000 0.000000 0.000000
 -0.327500 0.000000 0.000000
 -0.325000 0.000000 0.000000
 -0.322500 0.000000 0.000000
 -0.320000 0.000000 0.000000
 -0.317500 0.000000 0.000000
 -0.315000 0.000000 0.000000
 -0.312500 0.000000 0.000000
 -0.310000 0.000000 0.000000
 -0.307500 0.000000 0.000000
 -0.305000 0.000000 0.000000
 -0.302500 0.000000 0.000000
 -0.300000 0.000000 0.000000
 -0.297500 0.000000 0.000000
 -0.295000 0.000000 0.000000
 -0.292500 0.000000 0.000000
 -0.290000 0.000000 0.000000
 -0.287500 0.000000 0.000000
 -0.285000 0.000000 0.000000
 -0.282500 0.000000 0.000000
 -0.280000 0.000000 0.000000
 -0.277500 0.000000 0.000000
 -0.275000 0.000000 0.000000
 -0.272500 0.000000 0.000000
 -0.270000 0.000000 0.000000
 -0.267500 0.000000 0.000000
 -0.265000 0.000000 0.000000
 -0.262500 0.000000 0.000000
 -0.260000 0.000000 0.000000
 -0.257500 0.000000 0.000000
 -0.255000 0.000000 0.000000
 -0.252500 0.000000 0.000000
 -0.250000 0.000000 0.000000
 -0.247500 0.000000 0.000000
 -0.245000 0.000000 0.000000
 -0.242500 0.000000 0.000000
 -0.240000 0.000000 0.000000
 -0.237500 0.000000 0.000000
 -0.235000 0.000000 0.000000
 -0.232500 0.000000 0.000000
 -0.230000 0.000000 0.000000
 -0.227500 0.000000 0.000000
 -0.225000 0.000000 0.000000
 -0.222500 0.000000 0.000000
 -0.220000 0.000000 0.000000
 -0.217500 0.000000 0.000000
 -0.215000 0.000000 0.000000
 -0.212500 0.000000 0.000000
 -0.210000 0.000000 0.000000
 -0.207500 0.000000 0.000000
 -0.205000 0.000000 0.000000
 -0.202500 0.000000 0.000000
 -0.200000 0.000000 0.000000
 -0.197500 0.000000 0.000000
 -0.195000 0.000000 0.000000
 -0.192500 0.000000 0.000000
 -0.190000 0.000000 0.000000
 -0.187500 0.000000 0.000000
 -0.185000 0.000000 0.000000
 -0.182500 0.000000 0.000000
 -0.180000 0.000000 0.000000
 -0.177500 0.000000 0.000000
 -0.175000 0.000000 0.000000
 -0.172500 0.000000 0.000000
 -0.170000 0.000000 0.000000
 -0.167500 0.000000 0.000000
 -0.165000 0.000000 0.000000
 -0.162500 0.000000 0.000000
 -0.160000 0.000000 0.000000
 -0.157500 0.000000 0.000000
 -0.155000 0.000000 0.000000
 -0.152500 0.000000 0.000000
 -0.150000 0.000000 0.000000
 -0.147500 0.000000 0.000000
 -0.145000 0.000000 0.000000
 -0.142500 0.000000 0.000000
 -0.140000 0.000000 0.000000
 -0.137500 0.000000 0.000000
 -0.135000 0.000000 0.000000
 -0.132500 0.000000 0.000000
 -0.130000 0.000000 0.000000
 -0.127500 0.000000 0.000000
 -0.125000 0.000000 0.000000
 -0.122500 0.000000 0.000000
 -0.120000 0.000000 0.000000
 -0.117500 0.000000 0.000000
 -0.115000 0.000000 0.000000
 -0.112500 0.000000 0.000000
 -0.110000 0.000000 0.000000
 -0.107500 0.000000 0.000000
 -0.105000 0.000000 0.000000
 -0.102500 0.000000 0.000000
 -0.100000 0.000000 0.000000
 -0.097500 0.000000 0.000000
 -0.095000 0.000000 0.000000
 -0.092500 0.000000 0.000000
 -0.090000 0.000000 0.000000
 -0.087500 0.000000 0.000000
 -0.085000 0.000000 0.000000
 -0.082500 0.000000 0.000000
 -0.080000 0.000000 0.000000
 -0.077500 0.000000 0.000000
 -0.075000 0.000000 0.000000
 -0.072500 0.000000 0.000000
 -0.070000 0.000000 0.000000
 -0.067500 0.000000 0.000000
 -0.065000 0.000000 0.000000
 -0.062500 0.000000 0.000000
 -0.060000 0.000000 0.000000
 -0.057500 0.000000 0.000000
 -0.055000 0.000000 0.000000
 -0.052500 0.000000 0.000000
 -0.050000 0.000000 0.000000
 -0.047500 0.000000 0.000000
 -0.045000 0.000000 0.000000
 -0.042500 0.000000 0.000000
 -0.040000 0.000000 0.000000
 -0.037500 0.000000 0.000000
 -0.035000 0.000000 0.000000
 -0.032500 0.000000 0.000000
 -0.030000 0.000000 0.000000
 -0.027500 0.000000 0.000000
 -0.025000 0.000000 0.000000
 -0.022500 0.000000 0.000000
 -0.020000 0.000000 0.000000
 -0.017500 0.000000 0.000000
 -0.015000 0.000000 0.000000
 -0.012500 0.000000 0.000000
 -0.010000 0.000000 0.000000
 -0.007500 0.000001 0.000294
 -0.005000 0.000002 0.000838
 -0.002500 0.000006 0.002002
 0.000000 0.000013 0.004205
 0.002500 0.000030 0.008868
 0.005000 0.000063 0.017492
 0.007500 0.000126 0.032657
 0.010000 0.000240 0.058361
 0.012500 0.000435 0.098548
 0.015000 0.000756 0.159787
 0.017500 0.001269 0.251539
 0.020000 0.002056 0.382123
 0.022500 0.003235 0.564977
 0.025000 0.004952 0.813794
 0.027500 0.007387 1.140730
 0.030000 0.010748 1.556265
 0.032500 0.015271 2.068207
 0.035000 0.021196 2.676355
 0.037500 0.028760 3.377115
 0.040000 0.038191 4.165970
 0.042500 0.049714 5.043564
 0.045000 0.063539 6.009495
 0.047500 0.079895 7.071745
 0.050000 0.099059 8.250332
 0.052500 0.121326 9.560325
 0.055000 0.147049 11.020664
 0.057500 0.176642 12.654328
 0.060000 0.210546 14.470881
 0.062500 0.249251 16.476777
 0.065000 0.293163 18.630771
 0.067500 0.342565 20.855060
 0.070000 0.397507 23.034128
 0.072500 0.457683 25.019622
 0.075000 0.522452 26.684807
 0.077500 0.590892 27.953472
 0.080000 0.662025 28.850230
 0.082500 0.735042 29.487455
 0.085000 0.809505 30.033322
 0.087500 0.885402 30.645729
 0.090000 0.962986 31.386208
 0.092500 1.042559 32.213761
 0.095000 1.124177 32.992337
 0.097500 1.207478 33.542207
 0.100000 1.291732 33.753085
 0.102500 1.376103 33.638897
 0.105000 1.459892 33.324571
 0.107500 1.542876 33.025835
 0.110000 1.625368 32.972426
 0.112500 1.708173 33.294464
 0.115000 1.792277 33.998504
 0.117500 1.878481 34.933106
 0.120000 1.966987 35.816427
 0.122500 2.057309 36.328105
 0.125000 2.148163 36.212787
 0.127500 2.237834 35.381603
 0.130000 2.324593 33.917394
 0.132500 2.407148 32.060782
 0.135000 2.484881 30.125608
 0.137500 2.557957 28.375386
 0.140000 2.627021 26.950277
 0.142500 2.692944 25.832313
 0.145000 2.756320 24.902047
 0.147500 2.817485 24.034245
 0.150000 2.876426 23.118436
 0.152500 2.932964 22.148462
 0.155000 2.987066 21.171634
 0.157500 3.038850 20.321227
 0.160000 3.088785 19.706673
 0.162500 3.137577 19.404138
 0.165000 3.185950 19.399895
 0.167500 3.234594 19.594836
 0.170000 3.283805 19.844553
 0.172500 3.333477 19.952377
 0.175000 3.383093 19.747545
 0.177500 3.431718 19.140787
 0.180000 3.478296 18.152322
 0.182500 3.522005 16.872261
 0.185000 3.562343 15.500781
 0.187500 3.599319 14.219964
 0.190000 3.633341 13.142016
 0.192500 3.664934 12.271035
 0.195000 3.694460 11.476009
 0.197500 3.721925 10.564828
 0.200000 3.746773 9.386428
 0.202500 3.768236 7.836073
 0.205000 3.785372 5.966756
 0.207500 3.797578 3.915933
 0.210000 3.804634 1.884480
 0.212500 3.806869 0.080747
 0.215000 3.805039 -1.316663
 0.217500 3.800329 -2.221842
 0.220000 3.793995 -2.603266
 0.222500 3.787300 -2.553130
 0.225000 3.781098 -2.203361
 0.227500 3.775953 -1.734092
 0.230000 3.771953 -1.323865
 0.232500 3.768816 -1.063389
 0.235000 3.766102 -0.965463
 0.237500 3.763509 -0.957128
 0.240000 3.760886 -0.941256
 0.242500 3.758347 -0.918433
 0.245000 3.755833 -0.934585
 0.247500 3.753027 -1.165251
 0.250000 3.749165 -1.831983
 0.252500 3.742944 -3.055154
 0.255000 3.732934 -4.835831
 0.257500 3.717946 -7.019765
 0.260000 3.697260 -9.333212
 0.262500 3.670918 -11.499758
 0.265000 3.639571 -13.339359
 0.267500 3.604091 -14.802233
 0.270000 3.565366 -15.962675
 0.272500 3.523963 -16.955741
 0.275000 3.480164 -17.880472
 0.277500 3.434111 -18.759134
 0.280000 3.385979 -19.514652
 0.282500 3.336298 -19.991506
 0.285000 3.285959 -20.006690
 0.287500 3.236277 -19.452939
 0.290000 3.188697 -18.306239
 0.292500 3.144635 -16.662179
 0.295000 3.105112 -14.729684
 0.297500 3.070443 -12.808731
 0.300000 3.040208 -11.255001
 0.302500 3.013088 -10.399338
 0.305000 2.986979 -10.456709
 0.307500 2.959468 -11.514891
 0.310000 2.928162 -13.470952
 0.312500 2.891119 -16.053592
 0.315000 2.847230 -18.859801
 0.317500 2.796485 -21.485023
 0.320000 2.739826 -23.538120
 0.322500 2.679052 -24.738992
 0.325000 2.616493 -24.962040
 0.327500 2.554588 -24.251062
 0.330000 2.495449 -22.778731
 0.332500 2.440651 -20.846274
 0.335000 2.390922 -18.772044
 0.337500 2.346244 -16.860789
 0.340000 2.305917 -15.313315
 0.342500 2.268855 -14.246598
 0.345000 2.233830 -13.685964
 0.347500 2.199591 -13.612851
 0.350000 2.164961 -13.984307
 0.352500 2.128911 -14.747714
 0.355000 2.090526 -15.822556
 0.357500 2.049199 -17.115094
 0.360000 2.004544 -18.453607
 0.362500 1.956639 -19.671556
 0.365000 1.906001 -20.615968
 0.367500 1.853538 -21.158127
 0.370000 1.800335 -21.184301
 0.372500 1.747725 -20.683662
 0.375000 1.696994 -19.711503
 0.377500 1.649160 -18.374463
 0.380000 1.604930 -16.849766
 0.382500 1.564561 -15.328394
 0.385000 1.527843 -13.961029
 0.387500 1.494251 -12.827784
 0.390000 1.463186 -11.943678
 0.392500 1.434071 -11.251644
 0.395000 1.406525 -10.672177
 0.397500 1.380321 -10.176781
 0.400000 1.355270 -9.773724
 0.402500 1.331029 -9.539251
 0.405000 1.307082 -9.560664
 0.407500 1.282712 -9.886769
 0.410000 1.257168 -10.489134
 0.412500 1.229864 -11.269811
 0.415000 1.200562 -12.059311
 0.417500 1.169452 -12.697396
 0.420000 1.137084 -13.073938
 0.422500 1.104142 -13.145186
 0.425000 1.071344 -12.968660
 0.427500 1.039202 -12.644355
 0.430000 1.007929 -12.287323
 0.432500 0.977503 -11.978796
 0.435000 0.947762 -11.747813
 0.437500 0.918529 -11.564555
 0.440000 0.889772 -11.354172
 0.442500 0.861657 -11.039026
 0.445000 0.834541 -10.546105
 0.447500 0.808893 -9.858720
 0.450000 0.785189 -9.013526
 0.452500 0.763679 -8.110465
 0.455000 0.744380 -7.278279
 0.457500 0.726942 -6.643029
 0.460000 0.710772 -6.280741
 0.462500 0.695149 -6.201792
 0.465000 0.679432 -6.337664
 0.467500 0.663220 -6.576443
 0.470000 0.646419 -6.797159
 0.472500 0.629184 -6.902424
 0.475000 0.611883 -6.867413
 0.477500 0.594816 -6.715398
 0.480000 0.578191 -6.540956
 0.482500 0.561945 -6.428667
 0.485000 0.545816 -6.452102
 0.487500 0.529419 -6.641384
 0.490000 0.512395 -6.959285
 0.492500 0.494507 -7.309094
 0.495000 0.475808 -7.580845
 0.497500 0.456643 -7.665339
 0.500000 0.437585 -7.487755
 0.502500 0.419340 -7.023727
 0.505000 0.402577 -6.304324
 0.507500 0.387836 -5.431221
 0.510000 0.375355 -4.518892
 0.512500 0.365081 -3.686727
 0.515000 0.356693 -3.031272
 0.517500 0.349648 -2.602143
 0.520000 0.343387 -2.412967
 0.522500 0.337335 -2.417775
 0.525000 0.331105 -2.554025
 0.527500 0.324444 -2.734684
 0.530000 0.317345 -2.916614
 0.532500 0.309832 -3.046092
 0.535000 0.302072 -3.130087
 0.537500 0.294152 -3.171134
 0.540000 0.286171 -3.191250
 0.542500 0.278153 -3.199337
 0.545000 0.270127 -3.193310
 0.547500 0.262143 -3.167011
 0.550000 0.254277 -3.105870
 0.552500 0.246613 -2.998120
 0.555000 0.239253 -2.863111
 0.557500 0.232243 -2.725696
 0.560000 0.225541 -2.621936
 0.562500 0.219011 -2.592512
 0.565000 0.212442 -2.665925
 0.567500 0.205557 -2.835308
 0.570000 0.198150 -3.072070
 0.572500 0.190132 -3.321544
 0.575000 0.181552 -3.510583
 0.577500 0.172638 -3.582543
 0.580000 0.163723 -3.507822
 0.582500 0.155165 -3.295205
 0.585000 0.147269 -2.992538
 0.587500 0.140187 -2.661645
 0.590000 0.133902 -2.362913
 0.592500 0.128265 -2.143707
 0.595000 0.123050 -2.029075
 0.597500 0.118000 -2.009944
 0.600000 0.112914 -2.056364
 0.602500 0.107675 -2.124246
 0.605000 0.102279 -2.171159
 0.607500 0.096825 -2.164683
 0.610000 0.091481 -2.084380
 0.612500 0.086435 -1.923219
 0.615000 0.081892 -1.692802
 0.617500 0.077992 -1.406531
 0.620000 0.074850 -1.097096
 0.622500 0.072482 -0.790708
 0.625000 0.070848 -0.518059
 0.627500 0.069828 -0.302627
 0.630000 0.069244 -0.166153
 0.632500 0.068898 -0.123582
 0.635000 0.068539 -0.172087
 0.637500 0.067950 -0.304737
 0.640000 0.066942 -0.499559
 0.642500 0.065402 -0.725431
 0.645000 0.063304 -0.941775
 0.647500 0.060722 -1.109447
 0.650000 0.057811 -1.200515
 0.652500 0.054776 -1.208876
 0.655000 0.051810 -1.148712
 0.657500 0.049054 -1.048345
 0.660000 0.046564 -0.941792
 0.662500 0.044322 -0.854397
 0.665000 0.042260 -0.796113
 0.667500 0.040308 -0.763390
 0.670000 0.038421 -0.742546
 0.672500 0.036594 -0.713312
 0.675000 0.034867 -0.662322
 0.677500 0.033296 -0.585811
 0.680000 0.031938 -0.491790
 0.682500 0.030824 -0.394621
 0.685000 0.029947 -0.307307
 0.687500 0.029263 -0.238498
 0.690000 0.028726 -0.191966
 0.692500 0.028282 -0.162870
 0.695000 0.027894 -0.146960
 0.697500 0.027531 -0.140051
 0.700000 0.027179 -0.142533
 0.702500 0.026806 -0.154661
 0.705000 0.026386 -0.177903
 0.707500 0.025898 -0.213510
 0.710000 0.025309 -0.253960
 0.712500 0.024617 -0.297761
 0.715000 0.023817 -0.339439
 0.717500 0.022916 -0.379144
 0.720000 0.021918 -0.417812
 0.722500 0.020824 -0.455361
 0.725000 0.019638 -0.491287
 0.727500 0.018370 -0.520434
 0.730000 0.017038 -0.538577
 0.732500 0.015682 -0.542320
 0.735000 0.014339 -0.527210
 0.737500 0.013059 -0.492915
 0.740000 0.011886 -0.440695
 0.742500 0.010863 -0.374153
 0.745000 0.010017 -0.298635
 0.747500 0.009364 -0.222562
 0.750000 0.008896 -0.153041
 0.752500 0.008582 -0.098449
 0.755000 0.008380 -0.066685
 0.757500 0.008227 -0.059898
 0.760000 0.008059 -0.077422
 0.762500 0.007820 -0.112940
 0.765000 0.007481 -0.157927
 0.767500 0.007034 -0.196656
 0.770000 0.006512 -0.214511
 0.772500 0.005983 -0.202047
 0.775000 0.005529 -0.155601
 0.777500 0.005228 -0.080455
 0.780000 0.005135 0.007590
 0.782500 0.005259 0.089279
 0.785000 0.005559 0.145055
 0.787500 0.005951 0.161886
 0.790000 0.006331 0.134939
 0.792500 0.006593 0.070831
 0.795000 0.006662 -0.017684
 0.797500 0.006498 -0.111719
 0.800000 0.006112 -0.194115
 0.802500 0.005550 -0.251491
 0.805000 0.004879 -0.277125
 0.807500 0.004184 -0.274123
 0.810000 0.003528 -0.246631
 0.812500 0.002963 -0.203462
 0.815000 0.002518 -0.151562
 0.817500 0.002208 -0.095970
 0.820000 0.002039 -0.039433
 0.822500 0.002010 0.016022
 0.825000 0.002115 0.067165
 0.827500 0.002337 0.109001
 0.830000 0.002644 0.133800
 0.832500 0.002985 0.135272
 0.835000 0.003297 0.110766
 0.837500 0.003517 0.063299
 0.840000 0.003599 0.000596
 0.842500 0.003517 -0.063778
 0.845000 0.003287 -0.117774
 0.847500 0.002946 -0.151232
 0.850000 0.002551 -0.160336
 0.852500 0.002163 -0.147590
 0.855000 0.001825 -0.120453
 0.857500 0.001564 -0.088505
 0.860000 0.001379 -0.061011
 0.862500 0.001250 -0.043472
 0.865000 0.001151 -0.037449
 0.867500 0.001055 -0.040664
 0.870000 0.000944 -0.048535
 0.872500 0.000813 -0.056139
 0.875000 0.000666 -0.059624
 0.877500 0.000517 -0.057872
 0.880000 0.000379 -0.051365
 0.882500 0.000262 -0.041924
 0.885000 0.000170 -0.031304
 0.887500 0.000104 -0.021763
 0.890000 0.000060 -0.014009
 0.892500 0.000032 -0.008375
 0.895000 0.000016 -0.004660
 0.897500 0.000008 -0.002416
 0.900000 0.000004 -0.001170
 0.902500 0.000001 -0.000529
 0.905000 0.000000 0.000000
 0.907500 0.000000 0.000000
 0.910000 0.000000 0.000000
 0.912500 0.000000 0.000000
 0.915000 0.000000 0.000000
 0.917500 0.000000 0.000000
 0.920000 0.000000 0.000000
 0.922500 0.000000 0.000000
 0.925000 0.000000 0.000000
 0.927500 0.000000 0.000000
 0.930000 0.000000 0.000000
 0.932500 0.000000 0.000000
 0.935000 0.000000 0.000000
 0.937500 0.000000 0.000000
 0.940000 0.000000 0.000000
 0.942500 0.000000 0.000000
 0.945000 0.000000 0.000000
 0.947500 0.000000 0.000000
 0.950000 0.000000 0.000000
 0.952500 0.000000 0.000000
 0.955000 0.000000 0.000000
 0.957500 0.000000 0.000000
 0.960000 0.000000 0.000000
 0.962500 0.000000 0.000000
 0.965000 0.000000 0.000000
 0.967500 0.000000 0.000000
 0.970000 0.000000 0.000000
 0.972500 0.000000 0.000000
 0.975000 0.000000 0.000000
 0.977500 0.000000 0.000000
 0.980000 0.000000 0.000000
 0.982500 0.000000 0.000000
 0.985000 0.000000 0.000000
 0.987500 0.000000 0.000000
 0.990000 0.000000 0.000000
 0.992500 0.000000 0.000000
 0.995000 0.000000 0.000000
 0.997500 0.000000 0.000000
 1.000000 0.000000 0.000000
 1.002500 0.000000 0.000000
 1.005000 0.000000 0.000000
 1.007500 0.000000 0.000000
 1.010000 0.000000 0.000000
 1.012500 0.000000 0.000000
 1.015000 0.000000 0.000000
 1.017500 0.000000 0.000000
 1.020000 0.000000 0.000000
 1.022500 0.000000 0.000000
 1.025000 0.000000 0.000000
 1.027500 0.000000 0.000000
 1.030000 0.000000 0.000000
 1.032500 0.000000 0.000000
 1.035000 0.000000 0.000000
 1.037500 0.000000 0.000000
 1.040000 0.000000 0.000000
 1.042500 0.000000 0.000000
 1.045000 0.000000 0.000000
 1.047500 0.000000 0.000000
 1.050000 0.000000 0.000000
 1.052500 0.000000 0.000000
 1.055000 0.000000 0.000000
 1.057500 0.000000 0.000000
 1.060000 0.000000 0.000000
 1.062500 0.000000 0.000000
 1.065000 0.000000 0.000000
 1.067500 0.000000 0.000000
 1.070000 0.000000 0.000000
 1.072500 0.000000 0.000000
 1.075000 0.000000 0.000000
 1.077500 0.000000 0.000000
 1.080000 0.000000 0.000000
 1.082500 0.000000 0.000000
 1.085000 0.000000 0.000000
 1.087500 0.000000 0.000000
 1.090000 0.000000 0.000000
 1.092500 0.000000 0.000000
 1.095000 0.000000 0.000000
 1.097500 0.000000 0.000000
 1.100000 0.000000 0.000000
 1.102500 0.000000 0.000000
 1.105000 0.000000 0.000000
 1.107500 0.000000 0.000000
 1.110000 0.000000 0.000000
 1.112500 0.000000 0.000000
 1.115000 0.000000 0.000000
 1.117500 0.000000 0.000000
 1.120000 0.000000 0.000000
 1.122500 0.000000 0.000000
 1.125000 0.000000 0.000000
 1.127500 0.000000 0.000000
 1.130000 0.000000 0.000000
 1.132500 0.000000 0.000000
 1.135000 0.000000 0.000000
 1.137500 0.000000 0.000000
 1.140000 0.000000 0.000000
 1.142500 0.000000 0.000000
 1.145000 0.000000 0.000000
 1.147500 0.000000 0.000000
 1.150000 0.000000 0.000000
 1.152500 0.000000 0.000000
 1.155000 0.000000 0.000000
 1.157500 0.000000 0.000000
 1.160000 0.000000 0.000000
 1.162500 0.000000 0.000000
 1.165000 0.000000 0.000000
 1.167500 0.000000 0.000000
 1.170000 0.000000 0.000000
 1.172500 0.000000 0.000000
 1.175000 0.000000 0.000000
 1.177500 0.000000 0.000000
 1.180000 0.000000 0.000000
 1.182500 0.000000 0.000000
 1.185000 0.000000 0.000000
 1.187500 0.000000 0.000000
 1.190000 0.000000 0.000000
 1.192500 0.000000 0.000000
 1.195000 0.000000 0.000000
 1.197500 0.000000 0.000000
 1.200000 0.000000 0.000000
 1.202500 0.000000 0.000000
 1.205000 0.000000 0.000000
 1.207500 0.000000 0.000000
 1.210000 0.000000 0.000000
 1.212500 0.000000 0.000000
 1.215000 0.000000 0.000000
 1.217500 0.000000 0.000000
 1.220000 0.000000 0.000000
 1.222500 0.000000 0.000000
 1.225000 0.000000 0.000000
 1.227500 0.000000 0.000000
 1.230000 0.000000 0.000000
 1.232500 0.000000 0.000000
 1.235000 0.000000 0.000000
 1.237500 0.000000 0.000000
 1.240000 0.000000 0.000000
 1.242500 0.000000 0.000000
 1.245000 0.000000 0.000000
 1.247500 0.000000 0.000000
 1.250000 0.000000 0.000000
 1.252500 0.000000 0.000000
 1.255000 0.000000 0.000000
 1.257500 0.000000 0.000000
 1.260000 0.000000 0.000000
 1.262500 0.000000 0.000000
 1.265000 0.000000 0.000000
 1.267500 0.000000 0.000000
 1.270000 0.000000 0.000000
 1.272500 0.000000 0.000000
 1.275000 0.000000 0.000000
 1.277500 0.000000 0.000000
 1.280000 0.000000 0.000000
 1.282500 0.000000 0.000000
 1.285000 0.000000 0.000000
 1.287500 0.000000 0.000000
 1.290000 0.000000 0.000000
 1.292500 0.000000 0.000000
 1.295000 0.000000 0.000000
 1.297500 0.000000 0.000000
 1.300000 0.000000 0.000000
 1.302500 0.000000 0.000000
 1.305000 0.000000 0.000000
 1.307500 0.000000 0.000000
 1.310000 0.000000 0.000000
 1.312500 0.000000 0.000000
 1.315000 0.000000 0.000000
 1.317500 0.000000 0.000000
 1.320000 0.000000 0.000000
 1.322500 0.000000 0.000000
 1.325000 0.000000 0.000000
 1.327500 0.000000 0.000000
 1.330000 0.000000 0.000000
 1.332500 0.000000 0.000000
 1.335000 0.000000 0.000000
 1.337500 0.000000 0.000000
 1.340000 0.000000 0.000000
 1.342500 0.000000 0.000000
 1.345000 0.000000 0.000000
 1.347500 0.000000 0.000000
 1.350000 0.000000 0.000000
 1.352500 0.000000 0.000000
 1.355000 0.000000 0.000000
 1.357500 0.000000 0.000000
 1.360000 0.000000 0.000000
 1.362500 0.000000 0.000000
 1.365000 0.000000 0.000000
 1.367500 0.000000 0.000000
 1.370000 0.000000 0.000000
 1.372500 0.000000 0.000000
 1.375000 0.000000 0.000000
 1.377500 0.000000 0.000000
 1.380000 0.000000 0.000000
 1.382500 0.000000 0.000000
 1.385000 0.000000 0.000000
 1.387500 0.000000 0.000000
 1.390000 0.000000 0.000000
 1.392500 0.000000 0.000000
 1.395000 0.000000 0.000000
 1.397500 0.000000 0.000000
 1.400000 0.000000 0.000000
 1.402500 0.000000 0.000000
 1.405000 0.000000 0.000000
 1.407500 0.000000 0.000000
 1.410000 0.000000 0.000000
 1.412500 0.000000 0.000000
 1.415000 0.000000 0.000000
 1.417500 0.000000 0.000000
 1.420000 0.000000 0.000000
 1.422500 0.000000 0.000000
 1.425000 0.000000 0.000000
 1.427500 0.000000 0.000000
 1.430000 0.000000 0.000000
 1.432500 0.000000 0.000000
 1.435000 0.000000 0.000000
 1.437500 0.000000 0.000000
 1.440000 0.000000 0.000000
 1.442500 0.000000 0.000000
 1.445000 0.000000 0.000000
 1.447500 0.000000 0.000000
 1.450000 0.000000 0.000000
 1.452500 0.000000 0.000000
 1.455000 0.000000 0.000000
 1.457500 0.000000 0.000000
 1.460000 0.000000 0.000000
 1.462500 0.000000 0.000000
 1.465000 0.000000 0.000000
 1.467500 0.000000 0.000000
 1.470000 0.000000 0.000000
 1.472500 0.000000 0.000000
 1.475000 0.000000 0.000000
 1.477500 0.000000 0.000000
 1.480000 0.000000 0.000000
 1.482500 0.000000 0.000000
 1.485000 0.000000 0.000000
 1.487500 0.000000 0.000000
 1.490000 0.000000 0.000000
 1.492500 0.000000 0.000000
 1.495000 0.000000 0.000000
 1.497500 0.000000 0.000000
 1.500000 0.000000 0.000000
 1.502500 0.000000 0.000000
 1.505000 0.000000 0.000000
 1.507500 0.000000 0.000000
 1.510000 0.000000 0.000000
 1.512500 0.000000 0.000000
 1.515000 0.000000 0.000000
 1.517500 0.000000 0.000000
 1.520000 0.000000 0.000000
 1.522500 0.000000 0.000000
 1.525000 0.000000 0.000000
 1.527500 0.000000 0.000000
 1.530000 0.000000 0.000000
 1.532500 0.000000 0.000000
 1.535000 0.000000 0.000000
 1.537500 0.000000 0.000000
 1.540000 0.000000 0.000000
 1.542500 0.000000 0.000000
 1.545000 0.000000 0.000000
 1.547500 0.000000 0.000000
 1.550000 0.000000 0.000000
 1.552500 0.000000 0.000000
 1.555000 0.000000 0.000000
 1.557500 0.000000 0.000000
 1.560000 0.000000 0.000000
 1.562500 0.000000 0.000000
 1.565000 0.000000 0.000000
 1.567500 0.000000 0.000000
 1.570000 0.000000 0.000000
 1.572500 0.000000 0.000000
 1.575000 0.000000 0.000000
 1.577500 0.000000 0.000000
 1.580000 0.000000 0.000000
 1.582500 0.000000 0.000000
 1.585000 0.000000 0.000000
 1.587500 0.000000 0.000000
 1.590000 0.000000 0.000000
 1.592500 0.000000 0.000000
 1.595000 0.000000 0.000000
 1.597500 0.000000 0.000000
 1.600000 0.000000 0.000000
 1.602500 0.000000 0.000000
 1.605000 0.000000 0.000000
 1.607500 0.000000 0.000000
 1.610000 0.000000 0.000000
 1.612500 0.000000 0.000000
 1.615000 0.000000 0.000000
 1.617500 0.000000 0.000000
 1.620000 0.000000 0.000000
 1.622500 0.000000 0.000000
 1.625000 0.000000 0.000000
 1.627500 0.000000 0.000000
 1.630000 0.000000 0.000000
 1.632500 0.000000 0.000000
 1.635000 0.000000 0.000000
 1.637500 0.000000 0.000000
 1.640000 0.000000 0.000000
 1.642500 0.000000 0.000000
 1.645000 0.000000 0.000000
 1.647500 0.000000 0.000000
 1.650000 0.000000 0.000000
 1.652500 0.000000 0.000000
 1.655000 0.000000 0.000000
 1.657500 0.000000 0.000000
 1.660000 0.000000 0.000000
 1.662500 0.000000 0.000000
 1.665000 0.000000 0.000000
 1.667500 0.000000 0.000000
 1.670000 0.000000 0.000000
 1.672500 0.000000 0.000000
 1.675000 0.000000 0.000000
 1.677500 0.000000 0.000000
 1.680000 0.000000 0.000000
 1.682500 0.000000 0.000000
 1.685000 0.000000 0.000000
 1.687500 0.000000 0.000000
 1.690000 0.000000 0.000000
 1.692500 0.000000 0.000000
 1.695000 0.000000 0.000000
 1.697500 0.000000 0.000000
 1.700000 0.000000 0.000000
 1.702500 0.000000 0.000000
 1.705000 0.000000 0.000000
 1.707500 0.000000 0.000000
 1.710000 0.000000 0.000000
 1.712500 0.000000 0.000000
 1.715000 0.000000 0.000000
 1.717500 0.000000 0.000000
 1.720000 0.000000 0.000000
 1.722500 0.000000 0.000000
 1.725000 0.000000 0.000000
 1.727500 0.000000 0.000000
 1.730000 0.000000 0.000000
 1.732500 0.000000 0.000000
 1.735000 0.000000 0.000000
 1.737500 0.000000 0.000000
 1.740000 0.000000 0.000000
 1.742500 0.000000 0.000000
 1.745000 0.000000 0.000000
 1.747500 0.000000 0.000000
 1.750000 0.000000 0.000000
 1.752500 0.000000 0.000000
 1.755000 0.000000 0.000000
 1.757500 0.000000 0.000000
 1.760000 0.000000 0.000000
 1.762500 0.000000 0.000000
 1.765000 0.000000 0.000000
 1.767500 0.000000 0.000000
 1.770000 0.000000 0.000000
 1.772500 0.000000 0.000000
 1.775000 0.000000 0.000000
 1.777500 0.000000 0.000000
 1.780000 0.000000 0.000000
 1.782500 0.000000 0.000000
 1.785000 0.000000 0.000000
 1.787500 0.000000 0.000000
 1.790000 0.000000 0.000000
 1.792500 0.000000 0.000000
 1.795000 0.000000 0.000000
 1.797500 0.000000 0.000000
 1.800000 0.000000 0.000000
 1.802500 0.000000 0.000000
 1.805000 0.000000 0.000000
 1.807500 0.000000 0.000000
 1.810000 0.000000 0.000000
 1.812500 0.000000 0.000000
 1.815000 0.000000 0.000000
 1.817500 0.000000 0.000000
 1.820000 0.000000 0.000000
 1.822500 0.000000 0.000000
 1.825000 0.000000 0.000000
 1.827500 0.000000 0.000000
 1.830000 0.000000 0.000000
 1.832500 0.000000 0.000000
 1.835000 0.000000 0.000000
 1.837500 0.000000 0.000000
 1.840000 0.000000 0.000000
 1.842500 0.000000 0.000000
 1.845000 0.000000 0.000000
 1.847500 0.000000 0.000000
 1.850000 0.000000 0.000000
 1.852500 0.000000 0.000000
 1.855000 0.000000 0.000000
 1.857500 0.000000 0.000000
 1.860000 0.000000 0.000000
 1.862500 0.000000 0.000000
 1.865000 0.000000 0.000000
 1.867500 0.000000 0.000000
 1.870000 0.000000 0.000000
 1.872500 0.000000 0.000000
 1.875000 0.000000 0.000000
 1.877500 0.000000 0.000000
 1.880000 0.000000 0.000000
 1.882500 0.000000 0.000000
 1.885000 0.000000 0.000000
 1.887500 0.000000 0.000000
 1.890000 0.000000 0.000000
 1.892500 0.000000 0.000000
 1.895000 0.000000 0.000000
 1.897500 0.000000 0.000000
 1.900000 0.000000 0.000000
 1.902500 0.000000 0.000000
 1.905000 0.000000 0.000000
 1.907500 0.000000 0.000000
 1.910000 0.000000 0.000000
 1.912500 0.000000 0.000000
 1.915000 0.000000 0.000000
 1.917500 0.000000 0.000000
 1.920000 0.000000 0.000000
 1.922500 0.000000 0.000000
 1.925000 0.000000 0.000000
 1.927500 0.000000 0.000000
 1.930000 0.000000 0.000000
 1.932500 0.000000 0.000000
 1.935000 0.000000 0.000000
 1.937500 0.000000 0.000000
 1.940000 0.000000 0.000000
 1.942500 0.000000 0.000000
 1.945000 0.000000 0.000000
 1.947500 0.000000 0.000000
 1.950000 0.000000 0.000000
 1.952500 0.000000 0.000000
 1.955000 0.000000 0.000000
 1.957500 0.000000 0.000000
 1.960000 0.000000 0.000000
 1.962500 0.000000 0.000000
 1.965000 0.000000 0.000000
 1.967500 0.000000 0.000000
 1.970000 0.000000 0.000000
 1.972500 0.000000 0.000000
 1.975000 0.000000 0.000000
 1.977500 0.000000 0.000000
 1.980000 0.000000 0.000000
 1.982500 0.000000 0.000000
 1.985000 0.000000 0.000000
 1.987500 0.000000 0.000000
 1.990000 0.000000 0.000000
 1.992500 0.000000 0.000000
 1.995000 0.000000 0.000000
 1.997500 0.000000 0.000000
 2.000000 0.000000 0.000000
