#! FIELDS es hh dhh_es
#! SET normalisation  200.000000
#! SET min_es -0.5
#! SET max_es 2
#! SET nbins_es  1000
#! SET periodic_es false
 -0.500000 0.000000 0.000000
 -0.497500 0.000000 0.000000
 -0.495000 0.000000 0.000000
 -0.492500 0.000000 0.000000
 -0.490000 0.000000 0.000000
 -0.487500 0.000000 0.000000
 -0.485000 0.000000 0.000000
 -0.482500 0.000000 0.000000
 -0.480000 0.000000 0.000000
 -0.477500 0.000000 0.000000
 -0.475000 0.000000 0.000000
 -0.472500 0.000000 0.000000
 -0.470000 0.000000 0.000000
 -0.467500 0.000000 0.000000
 -0.465000 0.000000 0.000000
 -0.462500 0.000000 0.000000
 -0.460000 0.000000 0.000000
 -0.457500 0.000000 0.000000
 -0.455000 0.000000 0.000000
 -0.452500 0.000000 0.000000
 -0.450000 0.000000 0.000000
 -0.447500 0.000000 0.000000
 -0.445000 0.000000 0.000000
 -0.442500 0.000000 0.000000
 -0.440000 0.000000 0.000000
 -0.437500 0.000000 0.000000
 -0.435000 0.000000 0.000000
 -0.432500 0.000000 0.000000
 -0.430000 0.000000 0.000000
 -0.427500 0.000000 0.000000
 -0.425000 0.000000 0.000000
 -0.422500 0.000000 0.000000
 -0.420000 0.000000 0.000000
 -0.417500 0.000000 0.000000
 -0.415000 0.000000 0.000000
 -0.412500 0.000000 0.000000
 -0.410000 0.000000 0.000000
 -0.407500 0.000000 0.000000
 -0.405000 0.000000 0.000000
 -0.402500 0.000000 0.000000
 -0.400000 0.000000 0.000000
 -0.397500 0.000000 0.000000
 -0.395000 0.000000 0.000000
 -0.392500 0.000000 0.000000
 -0.390000 0.000000 0.000000
 -0.387500 0.000000 0.000000
 -0.385000 0.000000 0.000000
 -0.382500 0.000000 0.000000
 -0.380000 0.000000 0.000000
 -0.377500 0.000000 0.000000
 -0.375000 0.000000 0.000000
 -0.372500 0.000000 0.000000
 -0.370000 0.000000 0.000000
 -0.367500 0.000000 0.000000
 -0.365000 0.000000 0.000000
 -0.362500 0.000000 0.000000
 -0.360000 0.000000 0.000000
 -0.357500 0.000000 0.000000
 -0.355000 0.000000 0.000000
 -0.352500 0.000000 0.000000
 -0.350000 0.000000 0.000000
 -0.347500 0.000000 0.000000
 -0.345000 0.000000 0.000000
 -0.342500 0.000000 0.000000
 -0.340000 0.000000 0.000000
 -0.337500 0.000000 0.000000
 -0.335000 0.000000 0.000000
 -0.332500 0.000000 0.000000
 -0.330000 0.000000 0.000000
 -0.327500 0.000000 0.000000
 -0.325000 0.000000 0.000000
 -0.322500 0.000000 0.000000
 -0.320000 0.000000 0.000000
 -0.317500 0.000000 0.000000
 -0.315000 0.000000 0.000000
 -0.312500 0.000000 0.000000
 -0.310000 0.000000 0.000000
 -0.307500 0.000000 0.000000
 -0.305000 0.000000 0.000000
 -0.302500 0.000000 0.000000
 -0.300000 0.000000 0.000000
 -0.297500 0.000000 0.000000
 -0.295000 0.000000 0.000000
 -0.292500 0.000000 0.000000
 -0.290000 0.000000 0.000000
 -0.287500 0.000000 0.000000
 -0.285000 0.000000 0.000000
 -0.282500 0.000000 0.000000
 -0.280000 0.000000 0.000000
 -0.277500 0.000000 0.000000
 -0.275000 0.000000 0.000000
 -0.272500 0.000000 0.000000
 -0.270000 0.000000 0.000000
 -0.267500 0.000000 0.000000
 -0.265000 0.000000 0.000000
 -0.262500 0.000000 0.000000
 -0.260000 0.000000 0.000000
 -0.257500 0.000000 0.000000
 -0.255000 0.000000 0.000000
 -0.252500 0.000000 0.000000
 -0.250000 0.000000 0.000000
 -0.247500 0.000000 0.000000
 -0.245000 0.000000 0.000000
 -0.242500 0.000000 0.000000
 -0.240000 0.000000 0.000000
 -0.237500 0.000000 0.000000
 -0.235000 0.000000 0.000000
 -0.232500 0.000000 0.000000
 -0.230000 0.000000 0.000000
 -0.227500 0.000000 0.000000
 -0.225000 0.000000 0.000000
 -0.222500 0.000000 0.000000
 -0.220000 0.000000 0.000000
 -0.217500 0.000000 0.000000
 -0.215000 0.000000 0.000000
 -0.212500 0.000000 0.000000
 -0.210000 0.000000 0.000000
 -0.207500 0.000000 0.000000
 -0.205000 0.000000 0.000000
 -0.202500 0.000000 0.000000
 -0.200000 0.000000 0.000000
 -0.197500 0.000000 0.000000
 -0.195000 0.000000 0.000000
 -0.192500 0.000000 0.000000
 -0.190000 0.000000 0.000000
 -0.187500 0.000000 0.000000
 -0.185000 0.000000 0.000000
 -0.182500 0.000000 0.000000
 -0.180000 0.000000 0.000000
 -0.177500 0.000000 0.000000
 -0.175000 0.000000 0.000000
 -0.172500 0.000000 0.000000
 -0.170000 0.000000 0.000000
 -0.167500 0.000000 0.000000
 -0.165000 0.000000 0.000000
 -0.162500 0.000000 0.000000
 -0.160000 0.000000 0.000000
 -0.157500 0.000000 0.000000
 -0.155000 0.000000 0.000000
 -0.152500 0.000000 0.000000
 -0.150000 0.000000 0.000000
 -0.147500 0.000000 0.000000
 -0.145000 0.000000 0.000000
 -0.142500 0.000000 0.000000
 -0.140000 0.000000 0.000000
 -0.137500 0.000000 0.000000
 -0.135000 0.000000 0.000000
 -0.132500 0.000000 0.000000
 -0.130000 0.000000 0.000000
 -0.127500 0.000000 0.000000
 -0.125000 0.000000 0.000000
 -0.122500 0.000000 0.000000
 -0.120000 0.000000 0.000000
 -0.117500 0.000000 0.000000
 -0.115000 0.000000 0.000000
 -0.112500 0.000000 0.000000
 -0.110000 0.000000 0.000000
 -0.107500 0.000000 0.000000
 -0.105000 0.000000 0.000000
 -0.102500 0.000000 0.000000
 -0.100000 0.000000 0.000000
 -0.097500 0.000000 0.000000
 -0.095000 0.000000 0.000000
 -0.092500 0.000000 0.000000
 -0.090000 0.000000 0.000000
 -0.087500 0.000000 0.000000
 -0.085000 0.000000 0.000000
 -0.082500 0.000000 0.000000
 -0.080000 0.000000 0.000000
 -0.077500 0.000000 0.000000
 -0.075000 0.000000 0.000000
 -0.072500 0.000000 0.000000
 -0.070000 0.000000 0.000000
 -0.067500 0.000000 0.000000
 -0.065000 0.000000 0.000000
 -0.062500 0.000000 0.000000
 -0.060000 0.000000 0.000000
 -0.057500 0.000000 0.000000
 -0.055000 0.000000 0.000000
 -0.052500 0.000000 0.000000
 -0.050000 0.000000 0.000000
 -0.047500 0.000000 0.000000
 -0.045000 0.000000 0.000000
 -0.042500 0.000000 0.000000
 -0.040000 0.000000 0.000000
 -0.037500 0.000000 0.000000
 -0.035000 0.000000 0.000000
 -0.032500 0.000000 0.000000
 -0.030000 0.000000 0.000000
 -0.027500 0.000000 0.000000
 -0.025000 0.000000 0.000000
 -0.022500 0.000000 0.000000
 -0.020000 0.000000 0.000000
 -0.017500 0.000001 0.000373
 -0.015000 0.000003 0.001080
 -0.012500 0.000008 0.002854
 -0.010000 0.000020 0.006598
 -0.007500 0.000049 0.015383
 -0.005000 0.000110 0.032425
 -0.002500 0.000229 0.063229
 0.000000 0.000453 0.117052
 0.002500 0.000864 0.209971
 0.005000 0.001568 0.357164
 0.007500 0.002734 0.582362
 0.010000 0.004598 0.917101
 0.012500 0.007471 1.394397
 0.015000 0.011761 2.054013
 0.017500 0.017970 2.934353
 0.020000 0.026698 4.070714
 0.022500 0.038623 5.489833
 0.025000 0.054463 7.200025
 0.027500 0.074927 9.187860
 0.030000 0.100683 11.424916
 0.032500 0.132304 13.868038
 0.035000 0.170237 16.463980
 0.037500 0.214811 19.163794
 0.040000 0.266214 21.913104
 0.042500 0.324486 24.650007
 0.045000 0.389520 27.306433
 0.047500 0.461013 29.801153
 0.050000 0.538450 32.050409
 0.052500 0.621149 33.997368
 0.055000 0.708309 35.621186
 0.057500 0.799172 36.961884
 0.060000 0.893103 38.092924
 0.062500 0.989711 39.103880
 0.065000 1.088743 40.037359
 0.067500 1.189985 40.868104
 0.070000 1.293104 41.516936
 0.072500 1.397497 41.871279
 0.075000 1.502337 41.859388
 0.077500 1.606683 41.494194
 0.080000 1.709773 40.891982
 0.082500 1.811254 40.228969
 0.085000 1.911195 39.686765
 0.087500 2.010034 39.377660
 0.090000 2.108409 39.303681
 0.092500 2.206770 39.362139
 0.095000 2.305286 39.390731
 0.097500 2.403654 39.225261
 0.100000 2.501203 38.732195
 0.102500 2.596996 37.807890
 0.105000 2.689875 36.401843
 0.107500 2.778631 34.495330
 0.110000 2.861949 32.074770
 0.112500 2.938639 29.195238
 0.115000 3.007623 25.965698
 0.117500 3.068282 22.581021
 0.120000 3.120587 19.337183
 0.122500 3.165280 16.565971
 0.125000 3.203954 14.564458
 0.127500 3.238816 13.526550
 0.130000 3.272336 13.487543
 0.132500 3.306846 14.285271
 0.135000 3.344047 15.614064
 0.137500 3.384850 17.069489
 0.140000 3.429003 18.270084
 0.142500 3.475457 18.860176
 0.145000 3.522405 18.636054
 0.147500 3.567713 17.570827
 0.150000 3.609436 15.812936
 0.152500 3.646137 13.628334
 0.155000 3.677206 11.359058
 0.157500 3.702868 9.354676
 0.160000 3.724094 7.853051
 0.162500 3.742274 6.930378
 0.165000 3.758850 6.527779
 0.167500 3.774886 6.474969
 0.170000 3.790978 6.502764
 0.172500 3.806965 6.359989
 0.175000 3.822121 5.826444
 0.177500 3.835332 4.797857
 0.180000 3.845307 3.258706
 0.182500 3.850974 1.353921
 0.185000 3.851615 -0.690558
 0.187500 3.847206 -2.664127
 0.190000 3.838160 -4.320356
 0.192500 3.825504 -5.552582
 0.195000 3.810394 -6.288417
 0.197500 3.794058 -6.528387
 0.200000 3.777677 -6.349128
 0.202500 3.762229 -5.829646
 0.205000 3.748327 -5.102920
 0.207500 3.736316 -4.327472
 0.210000 3.726130 -3.677198
 0.212500 3.717281 -3.300423
 0.215000 3.708919 -3.263661
 0.217500 3.700195 -3.584501
 0.220000 3.690307 -4.155208
 0.222500 3.678834 -4.829295
 0.225000 3.665710 -5.459001
 0.227500 3.651151 -5.966167
 0.230000 3.635452 -6.419365
 0.232500 3.618537 -6.974427
 0.235000 3.599853 -7.867676
 0.237500 3.578287 -9.279320
 0.240000 3.552488 -11.277877
 0.242500 3.521081 -13.712217
 0.245000 3.483366 -16.279082
 0.247500 3.439484 -18.561630
 0.250000 3.390629 -20.185151
 0.252500 3.338875 -20.883533
 0.255000 3.286626 -20.535009
 0.257500 3.236470 -19.269710
 0.260000 3.190351 -17.339844
 0.262500 3.149481 -15.130898
 0.265000 3.114086 -13.048287
 0.267500 3.083383 -11.431053
 0.270000 3.055874 -10.528802
 0.272500 3.029568 -10.473206
 0.275000 3.002304 -11.279911
 0.277500 2.972054 -12.848492
 0.280000 2.937107 -14.971368
 0.282500 2.896408 -17.429678
 0.285000 2.849461 -19.905759
 0.287500 2.796624 -22.117725
 0.290000 2.738850 -23.800147
 0.292500 2.677720 -24.804143
 0.295000 2.615023 -25.060959
 0.297500 2.552546 -24.643820
 0.300000 2.491775 -23.716409
 0.302500 2.433767 -22.484505
 0.305000 2.379034 -21.140531
 0.307500 2.327617 -19.838715
 0.310000 2.279254 -18.710218
 0.312500 2.233417 -17.841267
 0.315000 2.189363 -17.297308
 0.317500 2.146184 -17.114519
 0.320000 2.103029 -17.311271
 0.322500 2.058994 -17.790438
 0.325000 2.013522 -18.413004
 0.327500 1.966507 -19.003886
 0.330000 1.918278 -19.370174
 0.332500 1.869555 -19.409882
 0.335000 1.821172 -19.102378
 0.337500 1.773896 -18.542000
 0.340000 1.728194 -17.879078
 0.342500 1.684149 -17.239656
 0.345000 1.641583 -16.703284
 0.347500 1.600213 -16.274700
 0.350000 1.559815 -15.909264
 0.352500 1.520339 -15.541060
 0.355000 1.481882 -15.097541
 0.357500 1.444669 -14.522197
 0.360000 1.409077 -13.811046
 0.362500 1.375418 -12.971411
 0.365000 1.343981 -12.041801
 0.367500 1.314917 -11.101214
 0.370000 1.288130 -10.248779
 0.372500 1.263256 -9.577622
 0.375000 1.239734 -9.192439
 0.377500 1.216776 -9.141888
 0.380000 1.193528 -9.406116
 0.382500 1.169265 -9.922483
 0.385000 1.143525 -10.588489
 0.387500 1.116099 -11.255721
 0.390000 1.087135 -11.802130
 0.392500 1.057024 -12.154128
 0.395000 1.026313 -12.310318
 0.397500 0.995429 -12.289265
 0.400000 0.964727 -12.171606
 0.402500 0.934392 -12.018435
 0.405000 0.904473 -11.848165
 0.407500 0.875008 -11.633318
 0.410000 0.846179 -11.333586
 0.412500 0.818287 -10.878009
 0.415000 0.791782 -10.215664
 0.417500 0.767198 -9.345226
 0.420000 0.744998 -8.318692
 0.422500 0.725464 -7.243583
 0.425000 0.708538 -6.242567
 0.427500 0.693890 -5.455451
 0.430000 0.680839 -4.974939
 0.432500 0.668557 -4.845881
 0.435000 0.656184 -5.043053
 0.437500 0.642987 -5.481396
 0.440000 0.628528 -6.049398
 0.442500 0.612613 -6.615194
 0.445000 0.595384 -7.084798
 0.447500 0.577165 -7.416661
 0.450000 0.558300 -7.600790
 0.452500 0.539124 -7.679485
 0.455000 0.519839 -7.701894
 0.457500 0.500532 -7.691243
 0.460000 0.481302 -7.644936
 0.462500 0.462280 -7.517086
 0.465000 0.443737 -7.255847
 0.467500 0.426042 -6.829346
 0.470000 0.409620 -6.247871
 0.472500 0.394794 -5.559504
 0.475000 0.381733 -4.847055
 0.477500 0.370406 -4.192126
 0.480000 0.360590 -3.645918
 0.482500 0.351976 -3.228256
 0.485000 0.344260 -2.922460
 0.487500 0.337207 -2.695424
 0.490000 0.330669 -2.509821
 0.492500 0.324571 -2.345034
 0.495000 0.318850 -2.209567
 0.497500 0.313386 -2.135656
 0.500000 0.307997 -2.167507
 0.502500 0.302377 -2.325988
 0.505000 0.296204 -2.602392
 0.507500 0.289234 -2.960457
 0.510000 0.281341 -3.333277
 0.512500 0.272564 -3.650661
 0.515000 0.263130 -3.856888
 0.517500 0.253343 -3.924454
 0.520000 0.243562 -3.861274
 0.522500 0.234079 -3.689579
 0.525000 0.225122 -3.449205
 0.527500 0.216811 -3.173436
 0.530000 0.209200 -2.895666
 0.532500 0.202257 -2.641875
 0.535000 0.195903 -2.438928
 0.537500 0.189973 -2.300355
 0.540000 0.184288 -2.242010
 0.542500 0.178637 -2.271141
 0.545000 0.172819 -2.374763
 0.547500 0.166682 -2.515667
 0.550000 0.160194 -2.650977
 0.552500 0.153428 -2.733845
 0.555000 0.146551 -2.739018
 0.557500 0.139758 -2.667378
 0.560000 0.133211 -2.552094
 0.562500 0.126962 -2.437048
 0.565000 0.120957 -2.363290
 0.567500 0.115067 -2.347993
 0.570000 0.109153 -2.376642
 0.572500 0.103146 -2.410892
 0.575000 0.097104 -2.403573
 0.577500 0.091177 -2.311829
 0.580000 0.085604 -2.122155
 0.582500 0.080617 -1.842231
 0.585000 0.076414 -1.501398
 0.587500 0.073095 -1.140539
 0.590000 0.070673 -0.799298
 0.592500 0.069046 -0.498376
 0.595000 0.068098 -0.264243
 0.597500 0.067642 -0.103317
 0.600000 0.067495 -0.022471
 0.602500 0.067455 -0.017224
 0.605000 0.067337 -0.080480
 0.607500 0.066984 -0.201933
 0.610000 0.066271 -0.362869
 0.612500 0.065128 -0.547341
 0.615000 0.063527 -0.728963
 0.617500 0.061496 -0.885058
 0.620000 0.059122 -1.003571
 0.622500 0.056505 -1.078290
 0.625000 0.053756 -1.110338
 0.627500 0.050975 -1.105484
 0.630000 0.048245 -1.070390
 0.632500 0.045630 -1.014625
 0.635000 0.043175 -0.942866
 0.637500 0.040915 -0.859597
 0.640000 0.038873 -0.768593
 0.642500 0.037067 -0.672002
 0.645000 0.035504 -0.572873
 0.647500 0.034185 -0.478289
 0.650000 0.033094 -0.394734
 0.652500 0.032187 -0.330403
 0.655000 0.031405 -0.294638
 0.657500 0.030674 -0.291717
 0.660000 0.029916 -0.316350
 0.662500 0.029072 -0.354477
 0.665000 0.028134 -0.390819
 0.667500 0.027127 -0.407930
 0.670000 0.026113 -0.395922
 0.672500 0.025164 -0.355096
 0.675000 0.024345 -0.296176
 0.677500 0.023683 -0.232604
 0.680000 0.023169 -0.178472
 0.682500 0.022767 -0.144794
 0.685000 0.022419 -0.136805
 0.687500 0.022055 -0.154504
 0.690000 0.021620 -0.196021
 0.692500 0.021061 -0.253363
 0.695000 0.020346 -0.317686
 0.697500 0.019467 -0.381335
 0.700000 0.018435 -0.438215
 0.702500 0.017278 -0.483393
 0.705000 0.016028 -0.512738
 0.707500 0.014727 -0.522325
 0.710000 0.013429 -0.512167
 0.712500 0.012185 -0.478757
 0.715000 0.011051 -0.422671
 0.717500 0.010081 -0.348300
 0.720000 0.009315 -0.262791
 0.722500 0.008766 -0.175554
 0.725000 0.008426 -0.098960
 0.727500 0.008253 -0.041662
 0.730000 0.008190 -0.012848
 0.732500 0.008159 -0.014809
 0.735000 0.008087 -0.045708
 0.737500 0.007909 -0.097383
 0.740000 0.007589 -0.158269
 0.742500 0.007119 -0.212921
 0.745000 0.006538 -0.248135
 0.747500 0.005905 -0.251169
 0.750000 0.005310 -0.218012
 0.752500 0.004840 -0.151024
 0.755000 0.004570 -0.062468
 0.757500 0.004533 0.032401
 0.760000 0.004722 0.115234
 0.762500 0.005085 0.170183
 0.765000 0.005538 0.185733
 0.767500 0.005977 0.160601
 0.770000 0.006308 0.098644
 0.772500 0.006450 0.012852
 0.775000 0.006363 -0.081710
 0.777500 0.006046 -0.169151
 0.780000 0.005533 -0.235245
 0.782500 0.004891 -0.272968
 0.785000 0.004194 -0.279513
 0.787500 0.003517 -0.258263
 0.790000 0.002919 -0.217015
 0.792500 0.002440 -0.165340
 0.795000 0.002095 -0.111493
 0.797500 0.001880 -0.060550
 0.800000 0.001788 -0.014305
 0.802500 0.001805 0.027560
 0.805000 0.001921 0.065677
 0.807500 0.002126 0.097675
 0.810000 0.002399 0.119690
 0.812500 0.002710 0.126510
 0.815000 0.003015 0.113744
 0.817500 0.003261 0.081451
 0.820000 0.003406 0.032700
 0.822500 0.003418 -0.023543
 0.825000 0.003290 -0.077587
 0.827500 0.003040 -0.119777
 0.830000 0.002706 -0.143814
 0.832500 0.002338 -0.147693
 0.835000 0.001983 -0.133750
 0.837500 0.001678 -0.107393
 0.840000 0.001448 -0.076891
 0.842500 0.001292 -0.049092
 0.845000 0.001195 -0.029713
 0.847500 0.001134 -0.021470
 0.850000 0.001079 -0.023726
 0.852500 0.001009 -0.033094
 0.855000 0.000911 -0.044510
 0.857500 0.000787 -0.054204
 0.860000 0.000643 -0.058238
 0.862500 0.000498 -0.056837
 0.865000 0.000363 -0.050238
 0.867500 0.000249 -0.040597
 0.870000 0.000161 -0.030052
 0.872500 0.000098 -0.020689
 0.875000 0.000056 -0.013195
 0.877500 0.000030 -0.007817
 0.880000 0.000015 -0.004311
 0.882500 0.000007 -0.002216
 0.885000 0.000003 -0.001064
 0.887500 0.000001 -0.000477
 0.890000 0.000000 0.000000
 0.892500 0.000000 0.000000
 0.895000 0.000000 0.000000
 0.897500 0.000000 0.000000
 0.900000 0.000000 0.000000
 0.902500 0.000000 0.000000
 0.905000 0.000000 0.000000
 0.907500 0.000000 0.000000
 0.910000 0.000000 0.000000
 0.912500 0.000000 0.000000
 0.915000 0.000000 0.000000
 0.917500 0.000000 0.000000
 0.920000 0.000000 0.000000
 0.922500 0.000000 0.000000
 0.925000 0.000000 0.000000
 0.927500 0.000000 0.000000
 0.930000 0.000000 0.000000
 0.932500 0.000000 0.000000
 0.935000 0.000000 0.000000
 0.937500 0.000000 0.000000
 0.940000 0.000000 0.000000
 0.942500 0.000000 0.000000
 0.945000 0.000000 0.000000
 0.947500 0.000000 0.000000
 0.950000 0.000000 0.000000
 0.952500 0.000000 0.000000
 0.955000 0.000000 0.000000
 0.957500 0.000000 0.000000
 0.960000 0.000000 0.000000
 0.962500 0.000000 0.000000
 0.965000 0.000000 0.000000
 0.967500 0.000000 0.000000
 0.970000 0.000000 0.000000
 0.972500 0.000000 0.000000
 0.975000 0.000000 0.000000
 0.977500 0.000000 0.000000
 0.980000 0.000000 0.000000
 0.982500 0.000000 0.000000
 0.985000 0.000000 0.000000
 0.987500 0.000000 0.000000
 0.990000 0.000000 0.000000
 0.992500 0.000000 0.000000
 0.995000 0.000000 0.000000
 0.997500 0.000000 0.000000
 1.000000 0.000000 0.000000
 1.002500 0.000000 0.000000
 1.005000 0.000000 0.000000
 1.007500 0.000000 0.000000
 1.010000 0.000000 0.000000
 1.012500 0.000000 0.000000
 1.015000 0.000000 0.000000
 1.017500 0.000000 0.000000
 1.020000 0.000000 0.000000
 1.022500 0.000000 0.000000
 1.025000 0.000000 0.000000
 1.027500 0.000000 0.000000
 1.030000 0.000000 0.000000
 1.032500 0.000000 0.000000
 1.035000 0.000000 0.000000
 1.037500 0.000000 0.000000
 1.040000 0.000000 0.000000
 1.042500 0.000000 0.000000
 1.045000 0.000000 0.000000
 1.047500 0.000000 0.000000
 1.050000 0.000000 0.000000
 1.052500 0.000000 0.000000
 1.055000 0.000000 0.000000
 1.057500 0.000000 0.000000
 1.060000 0.000000 0.000000
 1.062500 0.000000 0.000000
 1.065000 0.000000 0.000000
 1.067500 0.000000 0.000000
 1.070000 0.000000 0.000000
 1.072500 0.000000 0.000000
 1.075000 0.000000 0.000000
 1.077500 0.000000 0.000000
 1.080000 0.000000 0.000000
 1.082500 0.000000 0.000000
 1.085000 0.000000 0.000000
 1.087500 0.000000 0.000000
 1.090000 0.000000 0.000000
 1.092500 0.000000 0.000000
 1.095000 0.000000 0.000000
 1.097500 0.000000 0.000000
 1.100000 0.000000 0.000000
 1.102500 0.000000 0.000000
 1.105000 0.000000 0.000000
 1.107500 0.000000 0.000000
 1.110000 0.000000 0.000000
 1.112500 0.000000 0.000000
 1.115000 0.000000 0.000000
 1.117500 0.000000 0.000000
 1.120000 0.000000 0.000000
 1.122500 0.000000 0.000000
 1.125000 0.000000 0.000000
 1.127500 0.000000 0.000000
 1.130000 0.000000 0.000000
 1.132500 0.000000 0.000000
 1.135000 0.000000 0.000000
 1.137500 0.000000 0.000000
 1.140000 0.000000 0.000000
 1.142500 0.000000 0.000000
 1.145000 0.000000 0.000000
 1.147500 0.000000 0.000000
 1.150000 0.000000 0.000000
 1.152500 0.000000 0.000000
 1.155000 0.000000 0.000000
 1.157500 0.000000 0.000000
 1.160000 0.000000 0.000000
 1.162500 0.000000 0.000000
 1.165000 0.000000 0.000000
 1.167500 0.000000 0.000000
 1.170000 0.000000 0.000000
 1.172500 0.000000 0.000000
 1.175000 0.000000 0.000000
 1.177500 0.000000 0.000000
 1.180000 0.000000 0.000000
 1.182500 0.000000 0.000000
 1.185000 0.000000 0.000000
 1.187500 0.000000 0.000000
 1.190000 0.000000 0.000000
 1.192500 0.000000 0.000000
 1.195000 0.000000 0.000000
 1.197500 0.000000 0.000000
 1.200000 0.000000 0.000000
 1.202500 0.000000 0.000000
 1.205000 0.000000 0.000000
 1.207500 0.000000 0.000000
 1.210000 0.000000 0.000000
 1.212500 0.000000 0.000000
 1.215000 0.000000 0.000000
 1.217500 0.000000 0.000000
 1.220000 0.000000 0.000000
 1.222500 0.000000 0.000000
 1.225000 0.000000 0.000000
 1.227500 0.000000 0.000000
 1.230000 0.000000 0.000000
 1.232500 0.000000 0.000000
 1.235000 0.000000 0.000000
 1.237500 0.000000 0.000000
 1.240000 0.000000 0.000000
 1.242500 0.000000 0.000000
 1.245000 0.000000 0.000000
 1.247500 0.000000 0.000000
 1.250000 0.000000 0.000000
 1.252500 0.000000 0.000000
 1.255000 0.000000 0.000000
 1.257500 0.000000 0.000000
 1.260000 0.000000 0.000000
 1.262500 0.000000 0.000000
 1.265000 0.000000 0.000000
 1.267500 0.000000 0.000000
 1.270000 0.000000 0.000000
 1.272500 0.000000 0.000000
 1.275000 0.000000 0.000000
 1.277500 0.000000 0.000000
 1.280000 0.000000 0.000000
 1.282500 0.000000 0.000000
 1.285000 0.000000 0.000000
 1.287500 0.000000 0.000000
 1.290000 0.000000 0.000000
 1.292500 0.000000 0.000000
 1.295000 0.000000 0.000000
 1.297500 0.000000 0.000000
 1.300000 0.000000 0.000000
 1.302500 0.000000 0.000000
 1.305000 0.000000 0.000000
 1.307500 0.000000 0.000000
 1.310000 0.000000 0.000000
 1.312500 0.000000 0.000000
 1.315000 0.000000 0.000000
 1.317500 0.000000 0.000000
 1.320000 0.000000 0.000000
 1.322500 0.000000 0.000000
 1.325000 0.000000 0.000000
 1.327500 0.000000 0.000000
 1.330000 0.000000 0.000000
 1.332500 0.000000 0.000000
 1.335000 0.000000 0.000000
 1.337500 0.000000 0.000000
 1.340000 0.000000 0.000000
 1.342500 0.000000 0.000000
 1.345000 0.000000 0.000000
 1.347500 0.000000 0.000000
 1.350000 0.000000 0.000000
 1.352500 0.000000 0.000000
 1.355000 0.000000 0.000000
 1.357500 0.000000 0.000000
 1.360000 0.000000 0.000000
 1.362500 0.000000 0.000000
 1.365000 0.000000 0.000000
 1.367500 0.000000 0.000000
 1.370000 0.000000 0.000000
 1.372500 0.000000 0.000000
 1.375000 0.000000 0.000000
 1.377500 0.000000 0.000000
 1.380000 0.000000 0.000000
 1.382500 0.000000 0.000000
 1.385000 0.000000 0.000000
 1.387500 0.000000 0.000000
 1.390000 0.000000 0.000000
 1.392500 0.000000 0.000000
 1.395000 0.000000 0.000000
 1.397500 0.000000 0.000000
 1.400000 0.000000 0.000000
 1.402500 0.000000 0.000000
 1.405000 0.000000 0.000000
 1.407500 0.000000 0.000000
 1.410000 0.000000 0.000000
 1.412500 0.000000 0.000000
 1.415000 0.000000 0.000000
 1.417500 0.000000 0.000000
 1.420000 0.000000 0.000000
 1.422500 0.000000 0.000000
 1.425000 0.000000 0.000000
 1.427500 0.000000 0.000000
 1.430000 0.000000 0.000000
 1.432500 0.000000 0.000000
 1.435000 0.000000 0.000000
 1.437500 0.000000 0.000000
 1.440000 0.000000 0.000000
 1.442500 0.000000 0.000000
 1.445000 0.000000 0.000000
 1.447500 0.000000 0.000000
 1.450000 0.000000 0.000000
 1.452500 0.000000 0.000000
 1.455000 0.000000 0.000000
 1.457500 0.000000 0.000000
 1.460000 0.000000 0.000000
 1.462500 0.000000 0.000000
 1.465000 0.000000 0.000000
 1.467500 0.000000 0.000000
 1.470000 0.000000 0.000000
 1.472500 0.000000 0.000000
 1.475000 0.000000 0.000000
 1.477500 0.000000 0.000000
 1.480000 0.000000 0.000000
 1.482500 0.000000 0.000000
 1.485000 0.000000 0.000000
 1.487500 0.000000 0.000000
 1.490000 0.000000 0.000000
 1.492500 0.000000 0.000000
 1.495000 0.000000 0.000000
 1.497500 0.000000 0.000000
 1.500000 0.000000 0.000000
 1.502500 0.000000 0.000000
 1.505000 0.000000 0.000000
 1.507500 0.000000 0.000000
 1.510000 0.000000 0.000000
 1.512500 0.000000 0.000000
 1.515000 0.000000 0.000000
 1.517500 0.000000 0.000000
 1.520000 0.000000 0.000000
 1.522500 0.000000 0.000000
 1.525000 0.000000 0.000000
 1.527500 0.000000 0.000000
 1.530000 0.000000 0.000000
 1.532500 0.000000 0.000000
 1.535000 0.000000 0.000000
 1.537500 0.000000 0.000000
 1.540000 0.000000 0.000000
 1.542500 0.000000 0.000000
 1.545000 0.000000 0.000000
 1.547500 0.000000 0.000000
 1.550000 0.000000 0.000000
 1.552500 0.000000 0.000000
 1.555000 0.000000 0.000000
 1.557500 0.000000 0.000000
 1.560000 0.000000 0.000000
 1.562500 0.000000 0.000000
 1.565000 0.000000 0.000000
 1.567500 0.000000 0.000000
 1.570000 0.000000 0.000000
 1.572500 0.000000 0.000000
 1.575000 0.000000 0.000000
 1.577500 0.000000 0.000000
 1.580000 0.000000 0.000000
 1.582500 0.000000 0.000000
 1.585000 0.000000 0.000000
 1.587500 0.000000 0.000000
 1.590000 0.000000 0.000000
 1.592500 0.000000 0.000000
 1.595000 0.000000 0.000000
 1.597500 0.000000 0.000000
 1.600000 0.000000 0.000000
 1.602500 0.000000 0.000000
 1.605000 0.000000 0.000000
 1.607500 0.000000 0.000000
 1.610000 0.000000 0.000000
 1.612500 0.000000 0.000000
 1.615000 0.000000 0.000000
 1.617500 0.000000 0.000000
 1.620000 0.000000 0.000000
 1.622500 0.000000 0.000000
 1.625000 0.000000 0.000000
 1.627500 0.000000 0.000000
 1.630000 0.000000 0.000000
 1.632500 0.000000 0.000000
 1.635000 0.000000 0.000000
 1.637500 0.000000 0.000000
 1.640000 0.000000 0.000000
 1.642500 0.000000 0.000000
 1.645000 0.000000 0.000000
 1.647500 0.000000 0.000000
 1.650000 0.000000 0.000000
 1.652500 0.000000 0.000000
 1.655000 0.000000 0.000000
 1.657500 0.000000 0.000000
 1.660000 0.000000 0.000000
 1.662500 0.000000 0.000000
 1.665000 0.000000 0.000000
 1.667500 0.000000 0.000000
 1.670000 0.000000 0.000000
 1.672500 0.000000 0.000000
 1.675000 0.000000 0.000000
 1.677500 0.000000 0.000000
 1.680000 0.000000 0.000000
 1.682500 0.000000 0.000000
 1.685000 0.000000 0.000000
 1.687500 0.000000 0.000000
 1.690000 0.000000 0.000000
 1.692500 0.000000 0.000000
 1.695000 0.000000 0.000000
 1.697500 0.000000 0.000000
 1.700000 0.000000 0.000000
 1.702500 0.000000 0.000000
 1.705000 0.000000 0.000000
 1.707500 0.000000 0.000000
 1.710000 0.000000 0.000000
 1.712500 0.000000 0.000000
 1.715000 0.000000 0.000000
 1.717500 0.000000 0.000000
 1.720000 0.000000 0.000000
 1.722500 0.000000 0.000000
 1.725000 0.000000 0.000000
 1.727500 0.000000 0.000000
 1.730000 0.000000 0.000000
 1.732500 0.000000 0.000000
 1.735000 0.000000 0.000000
 1.737500 0.000000 0.000000
 1.740000 0.000000 0.000000
 1.742500 0.000000 0.000000
 1.745000 0.000000 0.000000
 1.747500 0.000000 0.000000
 1.750000 0.000000 0.000000
 1.752500 0.000000 0.000000
 1.755000 0.000000 0.000000
 1.757500 0.000000 0.000000
 1.760000 0.000000 0.000000
 1.762500 0.000000 0.000000
 1.765000 0.000000 0.000000
 1.767500 0.000000 0.000000
 1.770000 0.000000 0.000000
 1.772500 0.000000 0.000000
 1.775000 0.000000 0.000000
 1.777500 0.000000 0.000000
 1.780000 0.000000 0.000000
 1.782500 0.000000 0.000000
 1.785000 0.000000 0.000000
 1.787500 0.000000 0.000000
 1.790000 0.000000 0.000000
 1.792500 0.000000 0.000000
 1.795000 0.000000 0.000000
 1.797500 0.000000 0.000000
 1.800000 0.000000 0.000000
 1.802500 0.000000 0.000000
 1.805000 0.000000 0.000000
 1.807500 0.000000 0.000000
 1.810000 0.000000 0.000000
 1.812500 0.000000 0.000000
 1.815000 0.000000 0.000000
 1.817500 0.000000 0.000000
 1.820000 0.000000 0.000000
 1.822500 0.000000 0.000000
 1.825000 0.000000 0.000000
 1.827500 0.000000 0.000000
 1.830000 0.000000 0.000000
 1.832500 0.000000 0.000000
 1.835000 0.000000 0.000000
 1.837500 0.000000 0.000000
 1.840000 0.000000 0.000000
 1.842500 0.000000 0.000000
 1.845000 0.000000 0.000000
 1.847500 0.000000 0.000000
 1.850000 0.000000 0.000000
 1.852500 0.000000 0.000000
 1.855000 0.000000 0.000000
 1.857500 0.000000 0.000000
 1.860000 0.000000 0.000000
 1.862500 0.000000 0.000000
 1.865000 0.000000 0.000000
 1.867500 0.000000 0.000000
 1.870000 0.000000 0.000000
 1.872500 0.000000 0.000000
 1.875000 0.000000 0.000000
 1.877500 0.000000 0.000000
 1.880000 0.000000 0.000000
 1.882500 0.000000 0.000000
 1.885000 0.000000 0.000000
 1.887500 0.000000 0.000000
 1.890000 0.000000 0.000000
 1.892500 0.000000 0.000000
 1.895000 0.000000 0.000000
 1.897500 0.000000 0.000000
 1.900000 0.000000 0.000000
 1.902500 0.000000 0.000000
 1.905000 0.000000 0.000000
 1.907500 0.000000 0.000000
 1.910000 0.000000 0.000000
 1.912500 0.000000 0.000000
 1.915000 0.000000 0.000000
 1.917500 0.000000 0.000000
 1.920000 0.000000 0.000000
 1.922500 0.000000 0.000000
 1.925000 0.000000 0.000000
 1.927500 0.000000 0.000000
 1.930000 0.000000 0.000000
 1.932500 0.000000 0.000000
 1.935000 0.000000 0.000000
 1.937500 0.000000 0.000000
 1.940000 0.000000 0.000000
 1.942500 0.000000 0.000000
 1.945000 0.000000 0.000000
 1.947500 0.000000 0.000000
 1.950000 0.000000 0.000000
 1.952500 0.000000 0.000000
 1.955000 0.000000 0.000000
 1.957500 0.000000 0.000000
 1.960000 0.000000 0.000000
 1.962500 0.000000 0.000000
 1.965000 0.000000 0.000000
 1.967500 0.000000 0.000000
 1.970000 0.000000 0.000000
 1.972500 0.000000 0.000000
 1.975000 0.000000 0.000000
 1.977500 0.000000 0.000000
 1.980000 0.000000 0.000000
 1.982500 0.000000 0.000000
 1.985000 0.000000 0.000000
 1.987500 0.000000 0.000000
 1.990000 0.000000 0.000000
 1.992500 0.000000 0.000000
 1.995000 0.000000 0.000000
 1.997500 0.000000 0.000000
 2.000000 0.000000 0.000000
