#! FIELDS es hh dhh_es
#! SET normalisation  200.000000
#! SET min_es -0.5
#! SET max_es 2
#! SET nbins_es  1000
#! SET periodic_es false
 -0.500000 0.000000 0.000000
 -0.497500 0.000000 0.000000
 -0.495000 0.000000 0.000000
 -0.492500 0.000000 0.000000
 -0.490000 0.000000 0.000000
 -0.487500 0.000000 0.000000
 -0.485000 0.000000 0.000000
 -0.482500 0.000000 0.000000
 -0.480000 0.000000 0.000000
 -0.477500 0.000000 0.000000
 -0.475000 0.000000 0.000000
 -0.472500 0.000000 0.000000
 -0.470000 0.000000 0.000000
 -0.467500 0.000000 0.000000
 -0.465000 0.000000 0.000000
 -0.462500 0.000000 0.000000
 -0.460000 0.000000 0.000000
 -0.457500 0.000000 0.000000
 -0.455000 0.000000 0.000000
 -0.452500 0.000000 0.000000
 -0.450000 0.000000 0.000000
 -0.447500 0.000000 0.000000
 -0.445000 0.000000 0.000000
 -0.442500 0.000000 0.000000
 -0.440000 0.000000 0.000000
 -0.437500 0.000000 0.000000
 -0.435000 0.000000 0.000000
 -0.432500 0.000000 0.000000
 -0.430000 0.000000 0.000000
 -0.427500 0.000000 0.000000
 -0.425000 0.000000 0.000000
 -0.422500 0.000000 0.000000
 -0.420000 0.000000 0.000000
 -0.417500 0.000000 0.000000
 -0.415000 0.000000 0.000000
 -0.412500 0.000000 0.000000
 -0.410000 0.000000 0.000000
 -0.407500 0.000000 0.000000
 -0.405000 0.000000 0.000000
 -0.402500 0.000000 0.000000
 -0.400000 0.000000 0.000000
 -0.397500 0.000000 0.000000
 -0.395000 0.000000 0.000000
 -0.392500 0.000000 0.000000
 -0.390000 0.000000 0.000000
 -0.387500 0.000000 0.000000
 -0.385000 0.000000 0.000000
 -0.382500 0.000000 0.000000
 -0.380000 0.000000 0.000000
 -0.377500 0.000000 0.000000
 -0.375000 0.000000 0.000000
 -0.372500 0.000000 0.000000
 -0.370000 0.000000 0.000000
 -0.367500 0.000000 0.000000
 -0.365000 0.000000 0.000000
 -0.362500 0.000000 0.000000
 -0.360000 0.000000 0.000000
 -0.357500 0.000000 0.000000
 -0.355000 0.000000 0.000000
 -0.352500 0.000000 0.000000
 -0.350000 0.000000 0.000000
 -0.347500 0.000000 0.000000
 -0.345000 0.000000 0.000000
 -0.342500 0.000000 0.000000
 -0.340000 0.000000 0.000000
 -0.337500 0.000000 0.000000
 -0.335000 0.000000 0.000000
 -0.332500 0.000000 0.000000
 -0.330000 0.000000 0.000000
 -0.327500 0.000000 0.000000
 -0.325000 0.000000 0.000000
 -0.322500 0.000000 0.000000
 -0.320000 0.000000 0.000000
 -0.317500 0.000000 0.000000
 -0.315000 0.000000 0.000000
 -0.312500 0.000000 0.000000
 -0.310000 0.000000 0.000000
 -0.307500 0.000000 0.000000
 -0.305000 0.000000 0.000000
 -0.302500 0.000000 0.000000
 -0.300000 0.000000 0.000000
 -0.297500 0.000000 0.000000
 -0.295000 0.000000 0.000000
 -0.292500 0.000000 0.000000
 -0.290000 0.000000 0.000000
 -0.287500 0.000000 0.000000
 -0.285000 0.000000 0.000000
 -0.282500 0.000000 0.000000
 -0.280000 0.000000 0.000000
 -0.277500 0.000000 0.000000
 -0.275000 0.000000 0.000000
 -0.272500 0.000000 0.000000
 -0.270000 0.000000 0.000000
 -0.267500 0.000000 0.000000
 -0.265000 0.000000 0.000000
 -0.262500 0.000000 0.000000
 -0.260000 0.000000 0.000000
 -0.257500 0.000000 0.000000
 -0.255000 0.000000 0.000000
 -0.252500 0.000000 0.000000
 -0.250000 0.000000 0.000000
 -0.247500 0.000000 0.000000
 -0.245000 0.000000 0.000000
 -0.242500 0.000000 0.000000
 -0.240000 0.000000 0.000000
 -0.237500 0.000000 0.000000
 -0.235000 0.000000 0.000000
 -0.232500 0.000000 0.000000
 -0.230000 0.000000 0.000000
 -0.227500 0.000000 0.000000
 -0.225000 0.000000 0.000000
 -0.222500 0.000000 0.000000
 -0.220000 0.000000 0.000000
 -0.217500 0.000000 0.000000
 -0.215000 0.000000 0.000000
 -0.212500 0.000000 0.000000
 -0.210000 0.000000 0.000000
 -0.207500 0.000000 0.000000
 -0.205000 0.000000 0.000000
 -0.202500 0.000000 0.000000
 -0.200000 0.000000 0.000000
 -0.197500 0.000000 0.000000
 -0.195000 0.000000 0.000000
 -0.192500 0.000000 0.000000
 -0.190000 0.000000 0.000000
 -0.187500 0.000000 0.000000
 -0.185000 0.000000 0.000000
 -0.182500 0.000000 0.000000
 -0.180000 0.000000 0.000000
 -0.177500 0.000000 0.000000
 -0.175000 0.000000 0.000000
 -0.172500 0.000000 0.000000
 -0.170000 0.000000 0.000000
 -0.167500 0.000000 0.000000
 -0.165000 0.000000 0.000000
 -0.162500 0.000000 0.000000
 -0.160000 0.000000 0.000000
 -0.157500 0.000000 0.000000
 -0.155000 0.000000 0.000000
 -0.152500 0.000000 0.000000
 -0.150000 0.000000 0.000000
 -0.147500 0.000000 0.000000
 -0.145000 0.000000 0.000000
 -0.142500 0.000000 0.000000
 -0.140000 0.000000 0.000000
 -0.137500 0.000000 0.000000
 -0.135000 0.000000 0.000000
 -0.132500 0.000000 0.000000
 -0.130000 0.000000 0.000000
 -0.127500 0.000000 0.000000
 -0.125000 0.000000 0.000000
 -0.122500 0.000000 0.000000
 -0.120000 0.000000 0.000000
 -0.117500 0.000000 0.000000
 -0.115000 0.000000 0.000000
 -0.112500 0.000000 0.000000
 -0.110000 0.000000 0.000000
 -0.107500 0.000000 0.000000
 -0.105000 0.000000 0.000000
 -0.102500 0.000000 0.000000
 -0.100000 0.000000 0.000000
 -0.097500 0.000000 0.000000
 -0.095000 0.000000 0.000000
 -0.092500 0.000000 0.000000
 -0.090000 0.000000 0.000000
 -0.087500 0.000000 0.000000
 -0.085000 0.000000 0.000000
 -0.082500 0.000000 0.000000
 -0.080000 0.000000 0.000000
 -0.077500 0.000000 0.000000
 -0.075000 0.000000 0.000000
 -0.072500 0.000000 0.000000
 -0.070000 0.000000 0.000000
 -0.067500 0.000000 0.000000
 -0.065000 0.000000 0.000000
 -0.062500 0.000000 0.000000
 -0.060000 0.000000 0.000000
 -0.057500 0.000000 0.000000
 -0.055000 0.000000 0.000000
 -0.052500 0.000000 0.000000
 -0.050000 0.000000 0.000000
 -0.047500 0.000000 0.000000
 -0.045000 0.000000 0.000000
 -0.042500 0.000000 0.000000
 -0.040000 0.000000 0.000000
 -0.037500 0.000000 0.000000
 -0.035000 0.000000 0.000000
 -0.032500 0.000000 0.000000
 -0.030000 0.000000 0.000000
 -0.027500 0.000000 0.000000
 -0.025000 0.000000 0.000000
 -0.022500 0.000000 0.000000
 -0.020000 0.000000 0.000000
 -0.017500 0.000000 0.000000
 -0.015000 0.000000 0.000000
 -0.012500 0.000000 0.000000
 -0.010000 0.000000 0.000000
 -0.007500 0.000000 0.000000
 -0.005000 0.000000 0.000000
 -0.002500 0.000000 0.000000
 0.000000 0.000000 0.000000
 0.002500 0.000000 0.000000
 0.005000 0.000000 0.000000
 0.007500 0.000000 0.000000
 0.010000 0.000000 0.000000
 0.012500 0.000000 0.000000
 0.015000 0.000000 0.000000
 0.017500 0.000000 0.000000
 0.020000 0.000000 0.000000
 0.022500 0.000000 0.000000
 0.025000 0.000000 0.000000
 0.027500 0.000000 0.000000
 0.030000 0.000000 0.000000
 0.032500 0.000000 0.000000
 0.035000 0.000000 0.000000
 0.037500 0.000000 0.000000
 0.040000 0.000000 0.000000
 0.042500 0.000000 0.000000
 0.045000 0.000000 0.000000
 0.047500 0.000000 0.000000
 0.050000 0.000000 0.000000
 0.052500 0.000000 0.000000
 0.055000 0.000000 0.000000
 0.057500 0.000000 0.000000
 0.060000 0.000000 0.000000
 0.062500 0.000000 0.000000
 0.065000 0.000000 0.000000
 0.067500 0.000000 0.000000
 0.070000 0.000000 0.000000
 0.072500 0.000000 0.000000
 0.075000 0.000000 0.000000
 0.077500 0.000000 0.000000
 0.080000 0.000000 0.000000
 0.082500 0.000000 0.000000
 0.085000 0.000000 0.000000
 0.087500 0.000000 0.000000
 0.090000 0.000000 0.000000
 0.092500 0.000000 0.000000
 0.095000 0.000000 0.000000
 0.097500 0.000000 0.000000
 0.100000 0.000000 0.000000
 0.102500 0.000000 0.000000
 0.105000 0.000000 0.000000
 0.107500 0.000000 0.000000
 0.110000 0.000000 0.000000
 0.112500 0.000000 0.000000
 0.115000 0.000000 0.000000
 0.117500 0.000000 0.000000
 0.120000 0.000000 0.000000
 0.122500 0.000000 0.000000
 0.125000 0.000000 0.000000
 0.127500 0.000000 0.000000
 0.130000 0.000000 0.000000
 0.132500 0.000000 0.000000
 0.135000 0.000000 0.000000
 0.137500 0.000000 0.000000
 0.140000 0.000000 0.000000
 0.142500 0.000000 0.000000
 0.145000 0.000000 0.000000
 0.147500 0.000000 0.000000
 0.150000 0.000000 0.000000
 0.152500 0.000000 0.000000
 0.155000 0.000000 0.000000
 0.157500 0.000000 0.000000
 0.160000 0.000000 0.000000
 0.162500 0.000000 0.000000
 0.165000 0.000000 0.000000
 0.167500 0.000000 0.000000
 0.170000 0.000000 0.000000
 0.172500 0.000000 0.000000
 0.175000 0.000000 0.000000
 0.177500 0.000000 0.000000
 0.180000 0.000000 0.000000
 0.182500 0.000000 0.000000
 0.185000 0.000000 0.000000
 0.187500 0.000000 0.000000
 0.190000 0.000000 0.000000
 0.192500 0.000000 0.000000
 0.195000 0.000000 0.000000
 0.197500 0.000000 0.000000
 0.200000 0.000000 0.000000
 0.202500 0.000000 0.000000
 0.205000 0.000000 0.000000
 0.207500 0.000000 0.000000
 0.210000 0.000000 0.000000
 0.212500 0.000000 0.000000
 0.215000 0.000000 0.000000
 0.217500 0.000000 0.000000
 0.220000 0.000000 0.000000
 0.222500 0.000000 0.000000
 0.225000 0.000000 0.000000
 0.227500 0.000000 0.000000
 0.230000 0.000000 0.000000
 0.232500 0.000000 0.000000
 0.235000 0.000000 0.000000
 0.237500 0.000001 0.000279
 0.240000 0.000002 0.000683
 0.242500 0.000005 0.001565
 0.245000 0.000010 0.003349
 0.247500 0.000023 0.006693
 0.250000 0.000047 0.013008
 0.252500 0.000092 0.023193
 0.255000 0.000168 0.038438
 0.257500 0.000291 0.060293
 0.260000 0.000475 0.088388
 0.262500 0.000737 0.122130
 0.265000 0.001089 0.159784
 0.267500 0.001539 0.198961
 0.270000 0.002085 0.237178
 0.272500 0.002723 0.272154
 0.275000 0.003444 0.302686
 0.277500 0.004233 0.327328
 0.280000 0.005077 0.345616
 0.282500 0.005958 0.357492
 0.285000 0.006865 0.365023
 0.287500 0.007789 0.372792
 0.290000 0.008739 0.388677
 0.292500 0.009751 0.423584
 0.295000 0.010884 0.486953
 0.297500 0.012218 0.585076
 0.300000 0.013843 0.717940
 0.302500 0.015837 0.878439
 0.305000 0.018256 1.055122
 0.307500 0.021116 1.231055
 0.310000 0.024408 1.393824
 0.312500 0.028068 1.527259
 0.315000 0.032019 1.624340
 0.317500 0.036164 1.680703
 0.320000 0.040404 1.703502
 0.322500 0.044678 1.709877
 0.325000 0.048971 1.723723
 0.327500 0.053340 1.773579
 0.330000 0.057901 1.878916
 0.332500 0.062811 2.053534
 0.335000 0.068245 2.299965
 0.337500 0.074384 2.614067
 0.340000 0.081398 2.996072
 0.342500 0.089453 3.447972
 0.345000 0.098731 3.977793
 0.347500 0.109445 4.598905
 0.350000 0.121842 5.322928
 0.352500 0.136177 6.147641
 0.355000 0.152686 7.056738
 0.357500 0.171543 8.016007
 0.360000 0.192810 8.976616
 0.362500 0.216415 9.881926
 0.365000 0.242172 10.689716
 0.367500 0.269799 11.370237
 0.370000 0.298968 11.923619
 0.372500 0.329375 12.363204
 0.375000 0.360769 12.719209
 0.377500 0.392981 13.024284
 0.380000 0.425921 13.307793
 0.382500 0.459566 13.590331
 0.385000 0.493942 13.879764
 0.387500 0.529044 14.180688
 0.390000 0.564913 14.484550
 0.392500 0.601545 14.794643
 0.395000 0.638975 15.120780
 0.397500 0.677238 15.465726
 0.400000 0.716417 15.851655
 0.402500 0.756628 16.298855
 0.405000 0.798058 16.837816
 0.407500 0.840996 17.513616
 0.410000 0.885831 18.368675
 0.412500 0.933088 19.435926
 0.415000 0.983278 20.712834
 0.417500 1.036840 22.130797
 0.420000 1.094010 23.573579
 0.422500 1.154678 24.898981
 0.425000 1.218383 25.987277
 0.427500 1.284446 26.778693
 0.430000 1.352109 27.284888
 0.432500 1.420767 27.586935
 0.435000 1.490040 27.809355
 0.437500 1.559885 28.064835
 0.440000 1.630528 28.440754
 0.442500 1.702319 28.987512
 0.445000 1.775634 29.671250
 0.447500 1.850820 30.458334
 0.450000 1.927997 31.252228
 0.452500 2.007048 31.948682
 0.455000 2.087620 32.451306
 0.457500 2.169130 32.684031
 0.460000 2.250854 32.619818
 0.462500 2.332047 32.296950
 0.465000 2.412233 31.827985
 0.467500 2.491220 31.370298
 0.470000 2.569229 31.062411
 0.472500 2.646710 30.975931
 0.475000 2.724237 31.064077
 0.477500 2.802080 31.209890
 0.480000 2.880156 31.233085
 0.482500 2.957992 31.002156
 0.485000 3.034864 30.471309
 0.487500 3.110118 29.714273
 0.490000 3.183308 28.873104
 0.492500 3.254413 28.058564
 0.495000 3.323570 27.324971
 0.497500 3.390965 26.644419
 0.500000 3.456603 25.892060
 0.502500 3.520126 24.933094
 0.505000 3.580848 23.656542
 0.507500 3.637922 22.023335
 0.510000 3.690529 20.090807
 0.512500 3.738031 17.975682
 0.515000 3.780210 15.836484
 0.517500 3.817215 13.883417
 0.520000 3.849718 12.306477
 0.522500 3.878946 11.254167
 0.525000 3.906311 10.860219
 0.527500 3.933477 11.100062
 0.530000 3.961949 11.846581
 0.532500 3.992677 12.852592
 0.535000 4.025920 13.847749
 0.537500 4.061347 14.568995
 0.540000 4.098067 14.857946
 0.542500 4.134897 14.686465
 0.545000 4.170738 14.069481
 0.547500 4.204507 13.038370
 0.550000 4.235182 11.562331
 0.552500 4.261512 9.571139
 0.555000 4.282167 7.012033
 0.557500 4.295700 3.894513
 0.560000 4.300879 0.371577
 0.562500 4.296993 -3.311993
 0.565000 4.284072 -6.772038
 0.567500 4.263183 -9.637998
 0.570000 4.236225 -11.582738
 0.572500 4.205776 -12.427545
 0.575000 4.174592 -12.181434
 0.577500 4.145096 -11.113414
 0.580000 4.118769 -9.691522
 0.582500 4.095889 -8.473226
 0.585000 4.075329 -7.908641
 0.587500 4.055085 -8.247041
 0.590000 4.032845 -9.486201
 0.592500 4.006569 -11.395883
 0.595000 3.974956 -13.685516
 0.597500 3.937407 -16.125061
 0.600000 3.893740 -18.574617
 0.602500 3.843974 -21.007244
 0.605000 3.788136 -23.429504
 0.607500 3.726341 -25.750835
 0.610000 3.659028 -27.797046
 0.612500 3.587238 -29.291475
 0.615000 3.512665 -30.005331
 0.617500 3.437432 -29.822765
 0.620000 3.363740 -28.813032
 0.622500 3.293363 -27.207175
 0.625000 3.227380 -25.328177
 0.627500 3.166104 -23.463465
 0.630000 3.109253 -21.843550
 0.632500 3.056082 -20.515865
 0.635000 3.005850 -19.494617
 0.637500 2.957831 -18.730524
 0.640000 2.911419 -18.233312
 0.642500 2.865922 -18.005719
 0.645000 2.820564 -18.108443
 0.647500 2.774457 -18.622053
 0.650000 2.726544 -19.576065
 0.652500 2.675764 -20.902115
 0.655000 2.621327 -22.464191
 0.657500 2.562950 -24.042529
 0.660000 2.500891 -25.363244
 0.662500 2.436108 -26.175061
 0.665000 2.370097 -26.320387
 0.667500 2.304656 -25.728664
 0.670000 2.241554 -24.484117
 0.672500 2.182183 -22.783642
 0.675000 2.127320 -20.936444
 0.677500 2.076909 -19.292315
 0.680000 2.030003 -18.166915
 0.682500 1.985013 -17.819288
 0.685000 1.939805 -18.312563
 0.687500 1.892394 -19.560706
 0.690000 1.841215 -21.262490
 0.692500 1.785643 -23.003828
 0.695000 1.726138 -24.354492
 0.697500 1.664119 -24.951807
 0.700000 1.601724 -24.647393
 0.702500 1.541234 -23.482503
 0.705000 1.484529 -21.657748
 0.707500 1.432882 -19.506088
 0.710000 1.386674 -17.348150
 0.712500 1.345591 -15.461344
 0.715000 1.308711 -13.983456
 0.717500 1.274978 -12.961468
 0.720000 1.243302 -12.323334
 0.722500 1.212824 -11.972540
 0.725000 1.182977 -11.806444
 0.727500 1.153374 -11.762723
 0.730000 1.123768 -11.817747
 0.732500 1.093908 -11.985826
 0.735000 1.063469 -12.271388
 0.737500 1.032179 -12.674105
 0.740000 0.999792 -13.140221
 0.742500 0.966294 -13.579619
 0.745000 0.931822 -13.887153
 0.747500 0.896799 -14.006448
 0.750000 0.861722 -13.933136
 0.752500 0.827038 -13.714738
 0.755000 0.793020 -13.421845
 0.757500 0.759763 -13.110530
 0.760000 0.727261 -12.810943
 0.762500 0.695501 -12.511833
 0.765000 0.664539 -12.178384
 0.767500 0.634500 -11.771046
 0.770000 0.605584 -11.284128
 0.772500 0.577961 -10.748896
 0.775000 0.551665 -10.210024
 0.777500 0.526683 -9.720159
 0.780000 0.502848 -9.294322
 0.782500 0.480010 -8.920494
 0.785000 0.458088 -8.563248
 0.787500 0.437070 -8.186293
 0.790000 0.417052 -7.760684
 0.792500 0.398179 -7.280435
 0.795000 0.380577 -6.746009
 0.797500 0.364361 -6.166572
 0.800000 0.349631 -5.573948
 0.802500 0.336375 -4.974349
 0.805000 0.324610 -4.415131
 0.807500 0.314171 -3.916609
 0.810000 0.304844 -3.532005
 0.812500 0.296284 -3.306500
 0.815000 0.288053 -3.273957
 0.817500 0.279671 -3.437671
 0.820000 0.270669 -3.747811
 0.822500 0.260770 -4.150629
 0.825000 0.249842 -4.557733
 0.827500 0.237965 -4.895415
 0.830000 0.225385 -5.121848
 0.832500 0.212412 -5.215520
 0.835000 0.199365 -5.177868
 0.837500 0.186555 -5.029877
 0.840000 0.174232 -4.791495
 0.842500 0.162602 -4.485979
 0.845000 0.151795 -4.134643
 0.847500 0.141893 -3.766534
 0.850000 0.132895 -3.415617
 0.852500 0.124734 -3.110792
 0.855000 0.117266 -2.849311
 0.857500 0.110395 -2.633451
 0.860000 0.104032 -2.438864
 0.862500 0.098152 -2.239547
 0.865000 0.092791 -2.028177
 0.867500 0.087979 -1.806025
 0.870000 0.083718 -1.593527
 0.872500 0.079952 -1.419191
 0.875000 0.076540 -1.307063
 0.877500 0.073310 -1.277451
 0.880000 0.070053 -1.330285
 0.882500 0.066578 -1.450224
 0.885000 0.062751 -1.605092
 0.887500 0.058538 -1.756552
 0.890000 0.053995 -1.857023
 0.892500 0.049302 -1.870810
 0.895000 0.044710 -1.775921
 0.897500 0.040492 -1.572233
 0.900000 0.036898 -1.287113
 0.902500 0.034075 -0.963828
 0.905000 0.032050 -0.658461
 0.907500 0.030714 -0.421676
 0.910000 0.029845 -0.284644
 0.912500 0.029181 -0.260789
 0.915000 0.028451 -0.330734
 0.917500 0.027463 -0.460785
 0.920000 0.026120 -0.607226
 0.922500 0.024440 -0.727680
 0.925000 0.022522 -0.788893
 0.927500 0.020538 -0.780511
 0.930000 0.018664 -0.706855
 0.932500 0.017036 -0.585409
 0.935000 0.015742 -0.445826
 0.937500 0.014793 -0.316504
 0.940000 0.014133 -0.216602
 0.942500 0.013672 -0.158938
 0.945000 0.013300 -0.143315
 0.947500 0.012921 -0.162658
 0.950000 0.012462 -0.204745
 0.952500 0.011885 -0.255429
 0.955000 0.011184 -0.300933
 0.957500 0.010385 -0.332191
 0.960000 0.009533 -0.344736
 0.962500 0.008675 -0.336589
 0.965000 0.007859 -0.312047
 0.967500 0.007118 -0.279101
 0.970000 0.006463 -0.245777
 0.972500 0.005882 -0.218802
 0.975000 0.005355 -0.204461
 0.977500 0.004849 -0.201275
 0.980000 0.004340 -0.206016
 0.982500 0.003814 -0.213864
 0.985000 0.003271 -0.218414
 0.987500 0.002724 -0.215770
 0.990000 0.002196 -0.204983
 0.992500 0.001706 -0.185142
 0.995000 0.001273 -0.158556
 0.997500 0.000912 -0.129656
 1.000000 0.000624 -0.100217
 1.002500 0.000408 -0.073254
 1.005000 0.000254 -0.050716
 1.007500 0.000149 -0.032913
 1.010000 0.000084 -0.020295
 1.012500 0.000044 -0.011603
 1.015000 0.000021 -0.006070
 1.017500 0.000010 -0.002912
 1.020000 0.000004 -0.001436
 1.022500 0.000002 -0.000662
 1.025000 0.000000 0.000000
 1.027500 0.000000 0.000000
 1.030000 0.000000 0.000000
 1.032500 0.000000 0.000000
 1.035000 0.000000 0.000000
 1.037500 0.000000 0.000000
 1.040000 0.000000 0.000000
 1.042500 0.000000 0.000000
 1.045000 0.000000 0.000000
 1.047500 0.000000 0.000000
 1.050000 0.000000 0.000000
 1.052500 0.000000 0.000000
 1.055000 0.000000 0.000000
 1.057500 0.000000 0.000000
 1.060000 0.000000 0.000000
 1.062500 0.000000 0.000000
 1.065000 0.000000 0.000000
 1.067500 0.000000 0.000000
 1.070000 0.000000 0.000000
 1.072500 0.000000 0.000000
 1.075000 0.000000 0.000000
 1.077500 0.000000 0.000000
 1.080000 0.000000 0.000000
 1.082500 0.000000 0.000000
 1.085000 0.000000 0.000000
 1.087500 0.000000 0.000000
 1.090000 0.000000 0.000000
 1.092500 0.000000 0.000000
 1.095000 0.000000 0.000000
 1.097500 0.000000 0.000000
 1.100000 0.000000 0.000000
 1.102500 0.000000 0.000000
 1.105000 0.000000 0.000000
 1.107500 0.000000 0.000000
 1.110000 0.000000 0.000000
 1.112500 0.000000 0.000000
 1.115000 0.000000 0.000000
 1.117500 0.000000 0.000000
 1.120000 0.000000 0.000000
 1.122500 0.000000 0.000000
 1.125000 0.000000 0.000000
 1.127500 0.000000 0.000000
 1.130000 0.000000 0.000000
 1.132500 0.000000 0.000000
 1.135000 0.000000 0.000000
 1.137500 0.000000 0.000000
 1.140000 0.000000 0.000000
 1.142500 0.000000 0.000000
 1.145000 0.000000 0.000000
 1.147500 0.000000 0.000000
 1.150000 0.000000 0.000000
 1.152500 0.000000 0.000000
 1.155000 0.000000 0.000000
 1.157500 0.000000 0.000000
 1.160000 0.000000 0.000000
 1.162500 0.000000 0.000000
 1.165000 0.000000 0.000000
 1.167500 0.000000 0.000000
 1.170000 0.000000 0.000000
 1.172500 0.000000 0.000000
 1.175000 0.000000 0.000000
 1.177500 0.000000 0.000000
 1.180000 0.000000 0.000000
 1.182500 0.000000 0.000000
 1.185000 0.000000 0.000000
 1.187500 0.000000 0.000000
 1.190000 0.000000 0.000000
 1.192500 0.000000 0.000000
 1.195000 0.000000 0.000000
 1.197500 0.000000 0.000000
 1.200000 0.000000 0.000000
 1.202500 0.000000 0.000000
 1.205000 0.000000 0.000000
 1.207500 0.000000 0.000000
 1.210000 0.000000 0.000000
 1.212500 0.000000 0.000000
 1.215000 0.000000 0.000000
 1.217500 0.000000 0.000000
 1.220000 0.000000 0.000000
 1.222500 0.000000 0.000000
 1.225000 0.000000 0.000000
 1.227500 0.000000 0.000000
 1.230000 0.000000 0.000000
 1.232500 0.000000 0.000000
 1.235000 0.000000 0.000000
 1.237500 0.000000 0.000000
 1.240000 0.000000 0.000000
 1.242500 0.000000 0.000000
 1.245000 0.000000 0.000000
 1.247500 0.000000 0.000000
 1.250000 0.000000 0.000000
 1.252500 0.000000 0.000000
 1.255000 0.000000 0.000000
 1.257500 0.000000 0.000000
 1.260000 0.000000 0.000000
 1.262500 0.000000 0.000000
 1.265000 0.000000 0.000000
 1.267500 0.000000 0.000000
 1.270000 0.000000 0.000000
 1.272500 0.000000 0.000000
 1.275000 0.000000 0.000000
 1.277500 0.000000 0.000000
 1.280000 0.000000 0.000000
 1.282500 0.000000 0.000000
 1.285000 0.000000 0.000000
 1.287500 0.000000 0.000000
 1.290000 0.000000 0.000000
 1.292500 0.000000 0.000000
 1.295000 0.000000 0.000000
 1.297500 0.000000 0.000000
 1.300000 0.000000 0.000000
 1.302500 0.000000 0.000000
 1.305000 0.000000 0.000000
 1.307500 0.000000 0.000000
 1.310000 0.000000 0.000000
 1.312500 0.000000 0.000000
 1.315000 0.000000 0.000000
 1.317500 0.000000 0.000000
 1.320000 0.000000 0.000000
 1.322500 0.000000 0.000000
 1.325000 0.000000 0.000000
 1.327500 0.000000 0.000000
 1.330000 0.000000 0.000000
 1.332500 0.000000 0.000000
 1.335000 0.000000 0.000000
 1.337500 0.000000 0.000000
 1.340000 0.000000 0.000000
 1.342500 0.000000 0.000000
 1.345000 0.000000 0.000000
 1.347500 0.000000 0.000000
 1.350000 0.000000 0.000000
 1.352500 0.000000 0.000000
 1.355000 0.000000 0.000000
 1.357500 0.000000 0.000000
 1.360000 0.000000 0.000000
 1.362500 0.000000 0.000000
 1.365000 0.000000 0.000000
 1.367500 0.000000 0.000000
 1.370000 0.000000 0.000000
 1.372500 0.000000 0.000000
 1.375000 0.000000 0.000000
 1.377500 0.000000 0.000000
 1.380000 0.000000 0.000000
 1.382500 0.000000 0.000000
 1.385000 0.000000 0.000000
 1.387500 0.000000 0.000000
 1.390000 0.000000 0.000000
 1.392500 0.000000 0.000000
 1.395000 0.000000 0.000000
 1.397500 0.000000 0.000000
 1.400000 0.000000 0.000000
 1.402500 0.000000 0.000000
 1.405000 0.000000 0.000000
 1.407500 0.000000 0.000000
 1.410000 0.000000 0.000000
 1.412500 0.000000 0.000000
 1.415000 0.000000 0.000000
 1.417500 0.000000 0.000000
 1.420000 0.000000 0.000000
 1.422500 0.000000 0.000000
 1.425000 0.000000 0.000000
 1.427500 0.000000 0.000000
 1.430000 0.000000 0.000000
 1.432500 0.000000 0.000000
 1.435000 0.000000 0.000000
 1.437500 0.000000 0.000000
 1.440000 0.000000 0.000000
 1.442500 0.000000 0.000000
 1.445000 0.000000 0.000000
 1.447500 0.000000 0.000000
 1.450000 0.000000 0.000000
 1.452500 0.000000 0.000000
 1.455000 0.000000 0.000000
 1.457500 0.000000 0.000000
 1.460000 0.000000 0.000000
 1.462500 0.000000 0.000000
 1.465000 0.000000 0.000000
 1.467500 0.000000 0.000000
 1.470000 0.000000 0.000000
 1.472500 0.000000 0.000000
 1.475000 0.000000 0.000000
 1.477500 0.000000 0.000000
 1.480000 0.000000 0.000000
 1.482500 0.000000 0.000000
 1.485000 0.000000 0.000000
 1.487500 0.000000 0.000000
 1.490000 0.000000 0.000000
 1.492500 0.000000 0.000000
 1.495000 0.000000 0.000000
 1.497500 0.000000 0.000000
 1.500000 0.000000 0.000000
 1.502500 0.000000 0.000000
 1.505000 0.000000 0.000000
 1.507500 0.000000 0.000000
 1.510000 0.000000 0.000000
 1.512500 0.000000 0.000000
 1.515000 0.000000 0.000000
 1.517500 0.000000 0.000000
 1.520000 0.000000 0.000000
 1.522500 0.000000 0.000000
 1.525000 0.000000 0.000000
 1.527500 0.000000 0.000000
 1.530000 0.000000 0.000000
 1.532500 0.000000 0.000000
 1.535000 0.000000 0.000000
 1.537500 0.000000 0.000000
 1.540000 0.000000 0.000000
 1.542500 0.000000 0.000000
 1.545000 0.000000 0.000000
 1.547500 0.000000 0.000000
 1.550000 0.000000 0.000000
 1.552500 0.000000 0.000000
 1.555000 0.000000 0.000000
 1.557500 0.000000 0.000000
 1.560000 0.000000 0.000000
 1.562500 0.000000 0.000000
 1.565000 0.000000 0.000000
 1.567500 0.000000 0.000000
 1.570000 0.000000 0.000000
 1.572500 0.000000 0.000000
 1.575000 0.000000 0.000000
 1.577500 0.000000 0.000000
 1.580000 0.000000 0.000000
 1.582500 0.000000 0.000000
 1.585000 0.000000 0.000000
 1.587500 0.000000 0.000000
 1.590000 0.000000 0.000000
 1.592500 0.000000 0.000000
 1.595000 0.000000 0.000000
 1.597500 0.000000 0.000000
 1.600000 0.000000 0.000000
 1.602500 0.000000 0.000000
 1.605000 0.000000 0.000000
 1.607500 0.000000 0.000000
 1.610000 0.000000 0.000000
 1.612500 0.000000 0.000000
 1.615000 0.000000 0.000000
 1.617500 0.000000 0.000000
 1.620000 0.000000 0.000000
 1.622500 0.000000 0.000000
 1.625000 0.000000 0.000000
 1.627500 0.000000 0.000000
 1.630000 0.000000 0.000000
 1.632500 0.000000 0.000000
 1.635000 0.000000 0.000000
 1.637500 0.000000 0.000000
 1.640000 0.000000 0.000000
 1.642500 0.000000 0.000000
 1.645000 0.000000 0.000000
 1.647500 0.000000 0.000000
 1.650000 0.000000 0.000000
 1.652500 0.000000 0.000000
 1.655000 0.000000 0.000000
 1.657500 0.000000 0.000000
 1.660000 0.000000 0.000000
 1.662500 0.000000 0.000000
 1.665000 0.000000 0.000000
 1.667500 0.000000 0.000000
 1.670000 0.000000 0.000000
 1.672500 0.000000 0.000000
 1.675000 0.000000 0.000000
 1.677500 0.000000 0.000000
 1.680000 0.000000 0.000000
 1.682500 0.000000 0.000000
 1.685000 0.000000 0.000000
 1.687500 0.000000 0.000000
 1.690000 0.000000 0.000000
 1.692500 0.000000 0.000000
 1.695000 0.000000 0.000000
 1.697500 0.000000 0.000000
 1.700000 0.000000 0.000000
 1.702500 0.000000 0.000000
 1.705000 0.000000 0.000000
 1.707500 0.000000 0.000000
 1.710000 0.000000 0.000000
 1.712500 0.000000 0.000000
 1.715000 0.000000 0.000000
 1.717500 0.000000 0.000000
 1.720000 0.000000 0.000000
 1.722500 0.000000 0.000000
 1.725000 0.000000 0.000000
 1.727500 0.000000 0.000000
 1.730000 0.000000 0.000000
 1.732500 0.000000 0.000000
 1.735000 0.000000 0.000000
 1.737500 0.000000 0.000000
 1.740000 0.000000 0.000000
 1.742500 0.000000 0.000000
 1.745000 0.000000 0.000000
 1.747500 0.000000 0.000000
 1.750000 0.000000 0.000000
 1.752500 0.000000 0.000000
 1.755000 0.000000 0.000000
 1.757500 0.000000 0.000000
 1.760000 0.000000 0.000000
 1.762500 0.000000 0.000000
 1.765000 0.000000 0.000000
 1.767500 0.000000 0.000000
 1.770000 0.000000 0.000000
 1.772500 0.000000 0.000000
 1.775000 0.000000 0.000000
 1.777500 0.000000 0.000000
 1.780000 0.000000 0.000000
 1.782500 0.000000 0.000000
 1.785000 0.000000 0.000000
 1.787500 0.000000 0.000000
 1.790000 0.000000 0.000000
 1.792500 0.000000 0.000000
 1.795000 0.000000 0.000000
 1.797500 0.000000 0.000000
 1.800000 0.000000 0.000000
 1.802500 0.000000 0.000000
 1.805000 0.000000 0.000000
 1.807500 0.000000 0.000000
 1.810000 0.000000 0.000000
 1.812500 0.000000 0.000000
 1.815000 0.000000 0.000000
 1.817500 0.000000 0.000000
 1.820000 0.000000 0.000000
 1.822500 0.000000 0.000000
 1.825000 0.000000 0.000000
 1.827500 0.000000 0.000000
 1.830000 0.000000 0.000000
 1.832500 0.000000 0.000000
 1.835000 0.000000 0.000000
 1.837500 0.000000 0.000000
 1.840000 0.000000 0.000000
 1.842500 0.000000 0.000000
 1.845000 0.000000 0.000000
 1.847500 0.000000 0.000000
 1.850000 0.000000 0.000000
 1.852500 0.000000 0.000000
 1.855000 0.000000 0.000000
 1.857500 0.000000 0.000000
 1.860000 0.000000 0.000000
 1.862500 0.000000 0.000000
 1.865000 0.000000 0.000000
 1.867500 0.000000 0.000000
 1.870000 0.000000 0.000000
 1.872500 0.000000 0.000000
 1.875000 0.000000 0.000000
 1.877500 0.000000 0.000000
 1.880000 0.000000 0.000000
 1.882500 0.000000 0.000000
 1.885000 0.000000 0.000000
 1.887500 0.000000 0.000000
 1.890000 0.000000 0.000000
 1.892500 0.000000 0.000000
 1.895000 0.000000 0.000000
 1.897500 0.000000 0.000000
 1.900000 0.000000 0.000000
 1.902500 0.000000 0.000000
 1.905000 0.000000 0.000000
 1.907500 0.000000 0.000000
 1.910000 0.000000 0.000000
 1.912500 0.000000 0.000000
 1.915000 0.000000 0.000000
 1.917500 0.000000 0.000000
 1.920000 0.000000 0.000000
 1.922500 0.000000 0.000000
 1.925000 0.000000 0.000000
 1.927500 0.000000 0.000000
 1.930000 0.000000 0.000000
 1.932500 0.000000 0.000000
 1.935000 0.000000 0.000000
 1.937500 0.000000 0.000000
 1.940000 0.000000 0.000000
 1.942500 0.000000 0.000000
 1.945000 0.000000 0.000000
 1.947500 0.000000 0.000000
 1.950000 0.000000 0.000000
 1.952500 0.000000 0.000000
 1.955000 0.000000 0.000000
 1.957500 0.000000 0.000000
 1.960000 0.000000 0.000000
 1.962500 0.000000 0.000000
 1.965000 0.000000 0.000000
 1.967500 0.000000 0.000000
 1.970000 0.000000 0.000000
 1.972500 0.000000 0.000000
 1.975000 0.000000 0.000000
 1.977500 0.000000 0.000000
 1.980000 0.000000 0.000000
 1.982500 0.000000 0.000000
 1.985000 0.000000 0.000000
 1.987500 0.000000 0.000000
 1.990000 0.000000 0.000000
 1.992500 0.000000 0.000000
 1.995000 0.000000 0.000000
 1.997500 0.000000 0.000000
 2.000000 0.000000 0.000000
