#! FIELDS es hh dhh_es
#! SET normalisation  200.000000
#! SET min_es -0.5
#! SET max_es 2
#! SET nbins_es  1000
#! SET periodic_es false
 -0.500000 0.000000 0.000000
 -0.497500 0.000000 0.000000
 -0.495000 0.000000 0.000000
 -0.492500 0.000000 0.000000
 -0.490000 0.000000 0.000000
 -0.487500 0.000000 0.000000
 -0.485000 0.000000 0.000000
 -0.482500 0.000000 0.000000
 -0.480000 0.000000 0.000000
 -0.477500 0.000000 0.000000
 -0.475000 0.000000 0.000000
 -0.472500 0.000000 0.000000
 -0.470000 0.000000 0.000000
 -0.467500 0.000000 0.000000
 -0.465000 0.000000 0.000000
 -0.462500 0.000000 0.000000
 -0.460000 0.000000 0.000000
 -0.457500 0.000000 0.000000
 -0.455000 0.000000 0.000000
 -0.452500 0.000000 0.000000
 -0.450000 0.000000 0.000000
 -0.447500 0.000000 0.000000
 -0.445000 0.000000 0.000000
 -0.442500 0.000000 0.000000
 -0.440000 0.000000 0.000000
 -0.437500 0.000000 0.000000
 -0.435000 0.000000 0.000000
 -0.432500 0.000000 0.000000
 -0.430000 0.000000 0.000000
 -0.427500 0.000000 0.000000
 -0.425000 0.000000 0.000000
 -0.422500 0.000000 0.000000
 -0.420000 0.000000 0.000000
 -0.417500 0.000000 0.000000
 -0.415000 0.000000 0.000000
 -0.412500 0.000000 0.000000
 -0.410000 0.000000 0.000000
 -0.407500 0.000000 0.000000
 -0.405000 0.000000 0.000000
 -0.402500 0.000000 0.000000
 -0.400000 0.000000 0.000000
 -0.397500 0.000000 0.000000
 -0.395000 0.000000 0.000000
 -0.392500 0.000000 0.000000
 -0.390000 0.000000 0.000000
 -0.387500 0.000000 0.000000
 -0.385000 0.000000 0.000000
 -0.382500 0.000000 0.000000
 -0.380000 0.000000 0.000000
 -0.377500 0.000000 0.000000
 -0.375000 0.000000 0.000000
 -0.372500 0.000000 0.000000
 -0.370000 0.000000 0.000000
 -0.367500 0.000000 0.000000
 -0.365000 0.000000 0.000000
 -0.362500 0.000000 0.000000
 -0.360000 0.000000 0.000000
 -0.357500 0.000000 0.000000
 -0.355000 0.000000 0.000000
 -0.352500 0.000000 0.000000
 -0.350000 0.000000 0.000000
 -0.347500 0.000000 0.000000
 -0.345000 0.000000 0.000000
 -0.342500 0.000000 0.000000
 -0.340000 0.000000 0.000000
 -0.337500 0.000000 0.000000
 -0.335000 0.000000 0.000000
 -0.332500 0.000000 0.000000
 -0.330000 0.000000 0.000000
 -0.327500 0.000000 0.000000
 -0.325000 0.000000 0.000000
 -0.322500 0.000000 0.000000
 -0.320000 0.000000 0.000000
 -0.317500 0.000000 0.000000
 -0.315000 0.000000 0.000000
 -0.312500 0.000000 0.000000
 -0.310000 0.000000 0.000000
 -0.307500 0.000000 0.000000
 -0.305000 0.000000 0.000000
 -0.302500 0.000000 0.000000
 -0.300000 0.000000 0.000000
 -0.297500 0.000000 0.000000
 -0.295000 0.000000 0.000000
 -0.292500 0.000000 0.000000
 -0.290000 0.000000 0.000000
 -0.287500 0.000000 0.000000
 -0.285000 0.000000 0.000000
 -0.282500 0.000000 0.000000
 -0.280000 0.000000 0.000000
 -0.277500 0.000000 0.000000
 -0.275000 0.000000 0.000000
 -0.272500 0.000000 0.000000
 -0.270000 0.000000 0.000000
 -0.267500 0.000000 0.000000
 -0.265000 0.000000 0.000000
 -0.262500 0.000000 0.000000
 -0.260000 0.000000 0.000000
 -0.257500 0.000000 0.000000
 -0.255000 0.000000 0.000000
 -0.252500 0.000000 0.000000
 -0.250000 0.000000 0.000000
 -0.247500 0.000000 0.000000
 -0.245000 0.000000 0.000000
 -0.242500 0.000000 0.000000
 -0.240000 0.000000 0.000000
 -0.237500 0.000000 0.000000
 -0.235000 0.000000 0.000000
 -0.232500 0.000000 0.000000
 -0.230000 0.000000 0.000000
 -0.227500 0.000000 0.000000
 -0.225000 0.000000 0.000000
 -0.222500 0.000000 0.000000
 -0.220000 0.000000 0.000000
 -0.217500 0.000000 0.000000
 -0.215000 0.000000 0.000000
 -0.212500 0.000000 0.000000
 -0.210000 0.000000 0.000000
 -0.207500 0.000000 0.000000
 -0.205000 0.000000 0.000000
 -0.202500 0.000000 0.000000
 -0.200000 0.000000 0.000000
 -0.197500 0.000000 0.000000
 -0.195000 0.000000 0.000000
 -0.192500 0.000000 0.000000
 -0.190000 0.000000 0.000000
 -0.187500 0.000000 0.000000
 -0.185000 0.000000 0.000000
 -0.182500 0.000000 0.000000
 -0.180000 0.000000 0.000000
 -0.177500 0.000000 0.000000
 -0.175000 0.000000 0.000000
 -0.172500 0.000000 0.000000
 -0.170000 0.000000 0.000000
 -0.167500 0.000000 0.000000
 -0.165000 0.000000 0.000000
 -0.162500 0.000000 0.000000
 -0.160000 0.000000 0.000000
 -0.157500 0.000000 0.000000
 -0.155000 0.000000 0.000000
 -0.152500 0.000000 0.000000
 -0.150000 0.000000 0.000000
 -0.147500 0.000000 0.000000
 -0.145000 0.000000 0.000000
 -0.142500 0.000000 0.000000
 -0.140000 0.000000 0.000000
 -0.137500 0.000000 0.000000
 -0.135000 0.000000 0.000000
 -0.132500 0.000000 0.000000
 -0.130000 0.000000 0.000000
 -0.127500 0.000000 0.000000
 -0.125000 0.000000 0.000000
 -0.122500 0.000000 0.000000
 -0.120000 0.000000 0.000000
 -0.117500 0.000000 0.000000
 -0.115000 0.000000 0.000000
 -0.112500 0.000000 0.000000
 -0.110000 0.000000 0.000000
 -0.107500 0.000000 0.000000
 -0.105000 0.000000 0.000000
 -0.102500 0.000000 0.000000
 -0.100000 0.000000 0.000000
 -0.097500 0.000000 0.000000
 -0.095000 0.000000 0.000000
 -0.092500 0.000000 0.000000
 -0.090000 0.000000 0.000000
 -0.087500 0.000000 0.000000
 -0.085000 0.000000 0.000000
 -0.082500 0.000000 0.000000
 -0.080000 0.000000 0.000000
 -0.077500 0.000000 0.000000
 -0.075000 0.000000 0.000000
 -0.072500 0.000000 0.000000
 -0.070000 0.000000 0.000000
 -0.067500 0.000000 0.000000
 -0.065000 0.000000 0.000000
 -0.062500 0.000000 0.000000
 -0.060000 0.000000 0.000000
 -0.057500 0.000000 0.000000
 -0.055000 0.000000 0.000000
 -0.052500 0.000000 0.000000
 -0.050000 0.000000 0.000000
 -0.047500 0.000000 0.000000
 -0.045000 0.000000 0.000000
 -0.042500 0.000000 0.000000
 -0.040000 0.000000 0.000000
 -0.037500 0.000000 0.000000
 -0.035000 0.000000 0.000000
 -0.032500 0.000000 0.000000
 -0.030000 0.000005 0.002095
 -0.027500 0.000050 0.019112
 -0.025000 0.000193 0.070843
 -0.022500 0.000576 0.201678
 -0.020000 0.001466 0.486396
 -0.017500 0.003434 1.073107
 -0.015000 0.007485 2.190355
 -0.012500 0.015340 4.178768
 -0.010000 0.029735 7.502078
 -0.007500 0.054680 12.708801
 -0.005000 0.095600 20.358363
 -0.002500 0.159135 30.862803
 0.000000 0.252694 44.352378
 0.002500 0.383389 60.476298
 0.005000 0.556867 78.361164
 0.007500 0.775796 96.585646
 0.010000 1.038928 113.421107
 0.012500 1.340571 127.105470
 0.015000 1.670900 136.171366
 0.017500 2.017130 139.742923
 0.020000 2.365209 137.687330
 0.022500 2.701665 130.590696
 0.025000 3.015212 119.585320
 0.027500 3.297837 106.100337
 0.030000 3.545156 91.575923
 0.032500 3.756184 77.250327
 0.035000 3.932631 64.023913
 0.037500 4.077969 52.415685
 0.040000 4.196518 42.600909
 0.042500 4.292703 34.496566
 0.045000 4.370539 27.859492
 0.047500 4.433229 22.341606
 0.050000 4.483118 17.596969
 0.052500 4.521728 13.306036
 0.055000 4.549888 9.268325
 0.057500 4.568124 5.406632
 0.060000 4.577003 1.850645
 0.062500 4.577543 -1.186937
 0.065000 4.571411 -3.457421
 0.067500 4.560678 -4.813502
 0.070000 4.547660 -5.290995
 0.072500 4.534297 -5.133885
 0.075000 4.521753 -4.718451
 0.077500 4.510147 -4.415856
 0.080000 4.498842 -4.523401
 0.082500 4.486575 -5.125338
 0.085000 4.472255 -6.203290
 0.087500 4.454858 -7.546886
 0.090000 4.433926 -8.961885
 0.092500 4.409511 -10.334141
 0.095000 4.381790 -11.616254
 0.097500 4.350936 -12.825589
 0.100000 4.317089 -14.012184
 0.102500 4.280288 -15.177646
 0.105000 4.240728 -16.200931
 0.107500 4.198987 -16.922242
 0.110000 4.156018 -17.154631
 0.112500 4.113197 -16.794182
 0.115000 4.071959 -15.881565
 0.117500 4.033500 -14.625517
 0.120000 3.998331 -13.312139
 0.122500 3.966159 -12.243484
 0.125000 3.936089 -11.694655
 0.127500 3.906644 -11.735156
 0.130000 3.876407 -12.307115
 0.132500 3.844248 -13.220557
 0.135000 3.809662 -14.227485
 0.137500 3.772716 -15.055878
 0.140000 3.734162 -15.516433
 0.142500 3.695026 -15.473029
 0.145000 3.656647 -14.943950
 0.147500 3.620088 -14.022913
 0.150000 3.586162 -12.895956
 0.152500 3.555060 -11.806131
 0.155000 3.526406 -10.978078
 0.157500 3.499327 -10.562685
 0.160000 3.472713 -10.619201
 0.162500 3.445437 -11.059737
 0.165000 3.416715 -11.734002
 0.167500 3.386208 -12.468972
 0.170000 3.353953 -13.115053
 0.172500 3.320274 -13.599873
 0.175000 3.285588 -13.931275
 0.177500 3.250232 -14.129514
 0.180000 3.214534 -14.240622
 0.182500 3.178669 -14.237752
 0.185000 3.142957 -14.114611
 0.187500 3.107701 -13.894298
 0.190000 3.073059 -13.633152
 0.192500 3.039002 -13.465075
 0.195000 3.005082 -13.536566
 0.197500 2.970540 -13.963997
 0.200000 2.934475 -14.757830
 0.202500 2.896047 -15.825664
 0.205000 2.854779 -16.998122
 0.207500 2.810672 -18.089226
 0.210000 2.764084 -18.966574
 0.212500 2.715619 -19.585880
 0.215000 2.665920 -19.952672
 0.217500 2.615598 -20.094047
 0.220000 2.565159 -20.045578
 0.222500 2.515058 -19.814705
 0.225000 2.465752 -19.439280
 0.227500 2.417500 -18.948687
 0.230000 2.370549 -18.458754
 0.232500 2.324732 -18.069861
 0.235000 2.279580 -17.926119
 0.237500 2.234336 -18.159273
 0.240000 2.187940 -18.854725
 0.242500 2.139194 -20.038273
 0.245000 2.086959 -21.643763
 0.247500 2.030337 -23.523923
 0.250000 1.968908 -25.446460
 0.252500 1.902916 -27.137408
 0.255000 1.833283 -28.305533
 0.257500 1.761607 -28.730257
 0.260000 1.689959 -28.288949
 0.262500 1.620501 -26.990917
 0.265000 1.555222 -25.000883
 0.267500 1.495512 -22.576699
 0.270000 1.442083 -20.029292
 0.272500 1.394875 -17.642060
 0.275000 1.353228 -15.618259
 0.277500 1.316077 -14.043777
 0.280000 1.282282 -12.934212
 0.282500 1.250767 -12.222134
 0.285000 1.220626 -11.794549
 0.287500 1.191294 -11.563398
 0.290000 1.162422 -11.421890
 0.292500 1.133903 -11.275319
 0.295000 1.105807 -11.063513
 0.297500 1.078359 -10.783964
 0.300000 1.051682 -10.458387
 0.302500 1.025796 -10.172822
 0.305000 1.000497 -10.020619
 0.307500 0.975347 -10.055232
 0.310000 0.949846 -10.291723
 0.312500 0.923562 -10.687405
 0.315000 0.896191 -11.120437
 0.317500 0.867810 -11.480546
 0.320000 0.838751 -11.660837
 0.322500 0.809535 -11.596423
 0.325000 0.780797 -11.285963
 0.327500 0.753123 -10.753652
 0.330000 0.727007 -10.051503
 0.332500 0.702773 -9.238277
 0.335000 0.680654 -8.399753
 0.337500 0.660602 -7.596511
 0.340000 0.642425 -6.915005
 0.342500 0.625714 -6.430761
 0.345000 0.609916 -6.194824
 0.347500 0.594374 -6.211356
 0.350000 0.578523 -6.439283
 0.352500 0.561927 -6.786306
 0.355000 0.544432 -7.143606
 0.357500 0.526149 -7.417672
 0.360000 0.507363 -7.538494
 0.362500 0.488484 -7.476150
 0.365000 0.469992 -7.246516
 0.367500 0.452279 -6.867780
 0.370000 0.435657 -6.364977
 0.372500 0.420408 -5.788871
 0.375000 0.406650 -5.174763
 0.377500 0.394418 -4.579791
 0.380000 0.383588 -4.067824
 0.382500 0.373888 -3.685192
 0.385000 0.364956 -3.455424
 0.387500 0.356413 -3.361299
 0.390000 0.347974 -3.352857
 0.392500 0.339536 -3.358325
 0.395000 0.331161 -3.299853
 0.397500 0.323052 -3.141118
 0.400000 0.315442 -2.904762
 0.402500 0.308458 -2.661173
 0.405000 0.302010 -2.490641
 0.407500 0.295819 -2.462397
 0.410000 0.289486 -2.608610
 0.412500 0.282592 -2.905062
 0.415000 0.274817 -3.302337
 0.417500 0.265986 -3.737802
 0.420000 0.256088 -4.157374
 0.422500 0.245201 -4.513360
 0.425000 0.233543 -4.772003
 0.427500 0.221395 -4.895851
 0.430000 0.209146 -4.858910
 0.432500 0.197213 -4.631811
 0.435000 0.186077 -4.226774
 0.437500 0.176149 -3.679311
 0.440000 0.167717 -3.048500
 0.442500 0.160887 -2.403856
 0.445000 0.155604 -1.814657
 0.447500 0.151671 -1.328279
 0.450000 0.148805 -0.964100
 0.452500 0.146702 -0.721731
 0.455000 0.145064 -0.586264
 0.457500 0.143646 -0.548926
 0.460000 0.142212 -0.600656
 0.462500 0.140540 -0.735152
 0.465000 0.138424 -0.949614
 0.467500 0.135687 -1.234869
 0.470000 0.132182 -1.565417
 0.472500 0.127832 -1.901690
 0.475000 0.122672 -2.207827
 0.477500 0.116826 -2.445897
 0.480000 0.110507 -2.586739
 0.482500 0.103970 -2.613538
 0.485000 0.097507 -2.528203
 0.487500 0.091380 -2.351693
 0.490000 0.085784 -2.108472
 0.492500 0.080841 -1.833429
 0.495000 0.076592 -1.561055
 0.497500 0.072993 -1.315055
 0.500000 0.069955 -1.115957
 0.502500 0.067348 -0.970376
 0.505000 0.065035 -0.878060
 0.507500 0.062894 -0.830822
 0.510000 0.060830 -0.817402
 0.512500 0.058779 -0.817238
 0.515000 0.056731 -0.811087
 0.517500 0.054721 -0.780566
 0.520000 0.052831 -0.717844
 0.522500 0.051144 -0.619867
 0.525000 0.049740 -0.498726
 0.527500 0.048648 -0.371410
 0.530000 0.047855 -0.260797
 0.532500 0.047301 -0.185701
 0.535000 0.046884 -0.151121
 0.537500 0.046504 -0.156847
 0.540000 0.046066 -0.193680
 0.542500 0.045504 -0.253029
 0.545000 0.044780 -0.324497
 0.547500 0.043874 -0.396601
 0.550000 0.042797 -0.458331
 0.552500 0.041589 -0.501957
 0.555000 0.040302 -0.521579
 0.557500 0.038989 -0.519213
 0.560000 0.037703 -0.507202
 0.562500 0.036449 -0.494060
 0.565000 0.035217 -0.493226
 0.567500 0.033966 -0.505343
 0.570000 0.032674 -0.527045
 0.572500 0.031327 -0.544910
 0.575000 0.029952 -0.548038
 0.577500 0.028594 -0.532338
 0.580000 0.027296 -0.501309
 0.582500 0.026083 -0.469161
 0.585000 0.024935 -0.449822
 0.587500 0.023806 -0.453914
 0.590000 0.022633 -0.482954
 0.592500 0.021367 -0.529073
 0.595000 0.019984 -0.574534
 0.597500 0.018505 -0.603316
 0.600000 0.016986 -0.605934
 0.602500 0.015496 -0.577953
 0.605000 0.014110 -0.524001
 0.607500 0.012884 -0.450805
 0.610000 0.011857 -0.367449
 0.612500 0.011045 -0.281141
 0.615000 0.010444 -0.198991
 0.617500 0.010036 -0.127059
 0.620000 0.009792 -0.070756
 0.622500 0.009664 -0.032714
 0.625000 0.009608 -0.014439
 0.627500 0.009573 -0.013958
 0.630000 0.009521 -0.028315
 0.632500 0.009419 -0.052091
 0.635000 0.009251 -0.082175
 0.637500 0.009005 -0.113686
 0.640000 0.008681 -0.144527
 0.642500 0.008281 -0.174309
 0.645000 0.007810 -0.201740
 0.647500 0.007275 -0.224903
 0.650000 0.006690 -0.240818
 0.652500 0.006080 -0.244288
 0.655000 0.005482 -0.230865
 0.657500 0.004942 -0.197551
 0.660000 0.004508 -0.145457
 0.662500 0.004224 -0.080041
 0.665000 0.004113 -0.007788
 0.667500 0.004181 0.061760
 0.670000 0.004411 0.119744
 0.672500 0.004764 0.159659
 0.675000 0.005188 0.177117
 0.677500 0.005626 0.170701
 0.680000 0.006023 0.143835
 0.682500 0.006333 0.102666
 0.685000 0.006529 0.054063
 0.687500 0.006599 0.002971
 0.690000 0.006542 -0.048117
 0.692500 0.006358 -0.098661
 0.695000 0.006049 -0.148804
 0.697500 0.005615 -0.197767
 0.700000 0.005064 -0.241912
 0.702500 0.004415 -0.274489
 0.705000 0.003706 -0.288687
 0.707500 0.002989 -0.280861
 0.710000 0.002320 -0.250389
 0.712500 0.001752 -0.201077
 0.715000 0.001323 -0.141034
 0.717500 0.001049 -0.077695
 0.720000 0.000930 -0.018593
 0.722500 0.000948 0.031919
 0.725000 0.001077 0.070561
 0.727500 0.001287 0.095837
 0.730000 0.001546 0.109327
 0.732500 0.001826 0.112625
 0.735000 0.002101 0.107590
 0.737500 0.002355 0.095517
 0.740000 0.002571 0.076898
 0.742500 0.002734 0.052640
 0.745000 0.002830 0.023760
 0.747500 0.002850 -0.008011
 0.750000 0.002790 -0.039464
 0.752500 0.002657 -0.066097
 0.755000 0.002467 -0.084117
 0.757500 0.002246 -0.091039
 0.760000 0.002021 -0.087217
 0.762500 0.001817 -0.075638
 0.765000 0.001646 -0.060681
 0.767500 0.001513 -0.046351
 0.770000 0.001412 -0.034886
 0.772500 0.001335 -0.026288
 0.775000 0.001278 -0.019851
 0.777500 0.001235 -0.014253
 0.780000 0.001205 -0.009390
 0.782500 0.001185 -0.007295
 0.785000 0.001165 -0.009240
 0.787500 0.001134 -0.016199
 0.790000 0.001080 -0.027276
 0.792500 0.000995 -0.040210
 0.795000 0.000880 -0.051826
 0.797500 0.000740 -0.058943
 0.800000 0.000590 -0.060113
 0.802500 0.000444 -0.055595
 0.805000 0.000315 -0.047000
 0.807500 0.000211 -0.036534
 0.810000 0.000132 -0.026034
 0.812500 0.000078 -0.017363
 0.815000 0.000043 -0.010741
 0.817500 0.000023 -0.006178
 0.820000 0.000011 -0.003310
 0.822500 0.000005 -0.001654
 0.825000 0.000002 -0.000772
 0.827500 0.000001 -0.000337
 0.830000 0.000000 0.000000
 0.832500 0.000000 0.000000
 0.835000 0.000000 0.000000
 0.837500 0.000000 0.000000
 0.840000 0.000000 0.000000
 0.842500 0.000000 0.000000
 0.845000 0.000000 0.000000
 0.847500 0.000000 0.000000
 0.850000 0.000000 0.000000
 0.852500 0.000000 0.000000
 0.855000 0.000000 0.000000
 0.857500 0.000000 0.000000
 0.860000 0.000000 0.000000
 0.862500 0.000000 0.000000
 0.865000 0.000000 0.000000
 0.867500 0.000000 0.000000
 0.870000 0.000000 0.000000
 0.872500 0.000000 0.000000
 0.875000 0.000000 0.000000
 0.877500 0.000000 0.000000
 0.880000 0.000000 0.000000
 0.882500 0.000000 0.000000
 0.885000 0.000000 0.000000
 0.887500 0.000000 0.000000
 0.890000 0.000000 0.000000
 0.892500 0.000000 0.000000
 0.895000 0.000000 0.000000
 0.897500 0.000000 0.000000
 0.900000 0.000000 0.000000
 0.902500 0.000000 0.000000
 0.905000 0.000000 0.000000
 0.907500 0.000000 0.000000
 0.910000 0.000000 0.000000
 0.912500 0.000000 0.000000
 0.915000 0.000000 0.000000
 0.917500 0.000000 0.000000
 0.920000 0.000000 0.000000
 0.922500 0.000000 0.000000
 0.925000 0.000000 0.000000
 0.927500 0.000000 0.000000
 0.930000 0.000000 0.000000
 0.932500 0.000000 0.000000
 0.935000 0.000000 0.000000
 0.937500 0.000000 0.000000
 0.940000 0.000000 0.000000
 0.942500 0.000000 0.000000
 0.945000 0.000000 0.000000
 0.947500 0.000000 0.000000
 0.950000 0.000000 0.000000
 0.952500 0.000000 0.000000
 0.955000 0.000000 0.000000
 0.957500 0.000000 0.000000
 0.960000 0.000000 0.000000
 0.962500 0.000000 0.000000
 0.965000 0.000000 0.000000
 0.967500 0.000000 0.000000
 0.970000 0.000000 0.000000
 0.972500 0.000000 0.000000
 0.975000 0.000000 0.000000
 0.977500 0.000000 0.000000
 0.980000 0.000000 0.000000
 0.982500 0.000000 0.000000
 0.985000 0.000000 0.000000
 0.987500 0.000000 0.000000
 0.990000 0.000000 0.000000
 0.992500 0.000000 0.000000
 0.995000 0.000000 0.000000
 0.997500 0.000000 0.000000
 1.000000 0.000000 0.000000
 1.002500 0.000000 0.000000
 1.005000 0.000000 0.000000
 1.007500 0.000000 0.000000
 1.010000 0.000000 0.000000
 1.012500 0.000000 0.000000
 1.015000 0.000000 0.000000
 1.017500 0.000000 0.000000
 1.020000 0.000000 0.000000
 1.022500 0.000000 0.000000
 1.025000 0.000000 0.000000
 1.027500 0.000000 0.000000
 1.030000 0.000000 0.000000
 1.032500 0.000000 0.000000
 1.035000 0.000000 0.000000
 1.037500 0.000000 0.000000
 1.040000 0.000000 0.000000
 1.042500 0.000000 0.000000
 1.045000 0.000000 0.000000
 1.047500 0.000000 0.000000
 1.050000 0.000000 0.000000
 1.052500 0.000000 0.000000
 1.055000 0.000000 0.000000
 1.057500 0.000000 0.000000
 1.060000 0.000000 0.000000
 1.062500 0.000000 0.000000
 1.065000 0.000000 0.000000
 1.067500 0.000000 0.000000
 1.070000 0.000000 0.000000
 1.072500 0.000000 0.000000
 1.075000 0.000000 0.000000
 1.077500 0.000000 0.000000
 1.080000 0.000000 0.000000
 1.082500 0.000000 0.000000
 1.085000 0.000000 0.000000
 1.087500 0.000000 0.000000
 1.090000 0.000000 0.000000
 1.092500 0.000000 0.000000
 1.095000 0.000000 0.000000
 1.097500 0.000000 0.000000
 1.100000 0.000000 0.000000
 1.102500 0.000000 0.000000
 1.105000 0.000000 0.000000
 1.107500 0.000000 0.000000
 1.110000 0.000000 0.000000
 1.112500 0.000000 0.000000
 1.115000 0.000000 0.000000
 1.117500 0.000000 0.000000
 1.120000 0.000000 0.000000
 1.122500 0.000000 0.000000
 1.125000 0.000000 0.000000
 1.127500 0.000000 0.000000
 1.130000 0.000000 0.000000
 1.132500 0.000000 0.000000
 1.135000 0.000000 0.000000
 1.137500 0.000000 0.000000
 1.140000 0.000000 0.000000
 1.142500 0.000000 0.000000
 1.145000 0.000000 0.000000
 1.147500 0.000000 0.000000
 1.150000 0.000000 0.000000
 1.152500 0.000000 0.000000
 1.155000 0.000000 0.000000
 1.157500 0.000000 0.000000
 1.160000 0.000000 0.000000
 1.162500 0.000000 0.000000
 1.165000 0.000000 0.000000
 1.167500 0.000000 0.000000
 1.170000 0.000000 0.000000
 1.172500 0.000000 0.000000
 1.175000 0.000000 0.000000
 1.177500 0.000000 0.000000
 1.180000 0.000000 0.000000
 1.182500 0.000000 0.000000
 1.185000 0.000000 0.000000
 1.187500 0.000000 0.000000
 1.190000 0.000000 0.000000
 1.192500 0.000000 0.000000
 1.195000 0.000000 0.000000
 1.197500 0.000000 0.000000
 1.200000 0.000000 0.000000
 1.202500 0.000000 0.000000
 1.205000 0.000000 0.000000
 1.207500 0.000000 0.000000
 1.210000 0.000000 0.000000
 1.212500 0.000000 0.000000
 1.215000 0.000000 0.000000
 1.217500 0.000000 0.000000
 1.220000 0.000000 0.000000
 1.222500 0.000000 0.000000
 1.225000 0.000000 0.000000
 1.227500 0.000000 0.000000
 1.230000 0.000000 0.000000
 1.232500 0.000000 0.000000
 1.235000 0.000000 0.000000
 1.237500 0.000000 0.000000
 1.240000 0.000000 0.000000
 1.242500 0.000000 0.000000
 1.245000 0.000000 0.000000
 1.247500 0.000000 0.000000
 1.250000 0.000000 0.000000
 1.252500 0.000000 0.000000
 1.255000 0.000000 0.000000
 1.257500 0.000000 0.000000
 1.260000 0.000000 0.000000
 1.262500 0.000000 0.000000
 1.265000 0.000000 0.000000
 1.267500 0.000000 0.000000
 1.270000 0.000000 0.000000
 1.272500 0.000000 0.000000
 1.275000 0.000000 0.000000
 1.277500 0.000000 0.000000
 1.280000 0.000000 0.000000
 1.282500 0.000000 0.000000
 1.285000 0.000000 0.000000
 1.287500 0.000000 0.000000
 1.290000 0.000000 0.000000
 1.292500 0.000000 0.000000
 1.295000 0.000000 0.000000
 1.297500 0.000000 0.000000
 1.300000 0.000000 0.000000
 1.302500 0.000000 0.000000
 1.305000 0.000000 0.000000
 1.307500 0.000000 0.000000
 1.310000 0.000000 0.000000
 1.312500 0.000000 0.000000
 1.315000 0.000000 0.000000
 1.317500 0.000000 0.000000
 1.320000 0.000000 0.000000
 1.322500 0.000000 0.000000
 1.325000 0.000000 0.000000
 1.327500 0.000000 0.000000
 1.330000 0.000000 0.000000
 1.332500 0.000000 0.000000
 1.335000 0.000000 0.000000
 1.337500 0.000000 0.000000
 1.340000 0.000000 0.000000
 1.342500 0.000000 0.000000
 1.345000 0.000000 0.000000
 1.347500 0.000000 0.000000
 1.350000 0.000000 0.000000
 1.352500 0.000000 0.000000
 1.355000 0.000000 0.000000
 1.357500 0.000000 0.000000
 1.360000 0.000000 0.000000
 1.362500 0.000000 0.000000
 1.365000 0.000000 0.000000
 1.367500 0.000000 0.000000
 1.370000 0.000000 0.000000
 1.372500 0.000000 0.000000
 1.375000 0.000000 0.000000
 1.377500 0.000000 0.000000
 1.380000 0.000000 0.000000
 1.382500 0.000000 0.000000
 1.385000 0.000000 0.000000
 1.387500 0.000000 0.000000
 1.390000 0.000000 0.000000
 1.392500 0.000000 0.000000
 1.395000 0.000000 0.000000
 1.397500 0.000000 0.000000
 1.400000 0.000000 0.000000
 1.402500 0.000000 0.000000
 1.405000 0.000000 0.000000
 1.407500 0.000000 0.000000
 1.410000 0.000000 0.000000
 1.412500 0.000000 0.000000
 1.415000 0.000000 0.000000
 1.417500 0.000000 0.000000
 1.420000 0.000000 0.000000
 1.422500 0.000000 0.000000
 1.425000 0.000000 0.000000
 1.427500 0.000000 0.000000
 1.430000 0.000000 0.000000
 1.432500 0.000000 0.000000
 1.435000 0.000000 0.000000
 1.437500 0.000000 0.000000
 1.440000 0.000000 0.000000
 1.442500 0.000000 0.000000
 1.445000 0.000000 0.000000
 1.447500 0.000000 0.000000
 1.450000 0.000000 0.000000
 1.452500 0.000000 0.000000
 1.455000 0.000000 0.000000
 1.457500 0.000000 0.000000
 1.460000 0.000000 0.000000
 1.462500 0.000000 0.000000
 1.465000 0.000000 0.000000
 1.467500 0.000000 0.000000
 1.470000 0.000000 0.000000
 1.472500 0.000000 0.000000
 1.475000 0.000000 0.000000
 1.477500 0.000000 0.000000
 1.480000 0.000000 0.000000
 1.482500 0.000000 0.000000
 1.485000 0.000000 0.000000
 1.487500 0.000000 0.000000
 1.490000 0.000000 0.000000
 1.492500 0.000000 0.000000
 1.495000 0.000000 0.000000
 1.497500 0.000000 0.000000
 1.500000 0.000000 0.000000
 1.502500 0.000000 0.000000
 1.505000 0.000000 0.000000
 1.507500 0.000000 0.000000
 1.510000 0.000000 0.000000
 1.512500 0.000000 0.000000
 1.515000 0.000000 0.000000
 1.517500 0.000000 0.000000
 1.520000 0.000000 0.000000
 1.522500 0.000000 0.000000
 1.525000 0.000000 0.000000
 1.527500 0.000000 0.000000
 1.530000 0.000000 0.000000
 1.532500 0.000000 0.000000
 1.535000 0.000000 0.000000
 1.537500 0.000000 0.000000
 1.540000 0.000000 0.000000
 1.542500 0.000000 0.000000
 1.545000 0.000000 0.000000
 1.547500 0.000000 0.000000
 1.550000 0.000000 0.000000
 1.552500 0.000000 0.000000
 1.555000 0.000000 0.000000
 1.557500 0.000000 0.000000
 1.560000 0.000000 0.000000
 1.562500 0.000000 0.000000
 1.565000 0.000000 0.000000
 1.567500 0.000000 0.000000
 1.570000 0.000000 0.000000
 1.572500 0.000000 0.000000
 1.575000 0.000000 0.000000
 1.577500 0.000000 0.000000
 1.580000 0.000000 0.000000
 1.582500 0.000000 0.000000
 1.585000 0.000000 0.000000
 1.587500 0.000000 0.000000
 1.590000 0.000000 0.000000
 1.592500 0.000000 0.000000
 1.595000 0.000000 0.000000
 1.597500 0.000000 0.000000
 1.600000 0.000000 0.000000
 1.602500 0.000000 0.000000
 1.605000 0.000000 0.000000
 1.607500 0.000000 0.000000
 1.610000 0.000000 0.000000
 1.612500 0.000000 0.000000
 1.615000 0.000000 0.000000
 1.617500 0.000000 0.000000
 1.620000 0.000000 0.000000
 1.622500 0.000000 0.000000
 1.625000 0.000000 0.000000
 1.627500 0.000000 0.000000
 1.630000 0.000000 0.000000
 1.632500 0.000000 0.000000
 1.635000 0.000000 0.000000
 1.637500 0.000000 0.000000
 1.640000 0.000000 0.000000
 1.642500 0.000000 0.000000
 1.645000 0.000000 0.000000
 1.647500 0.000000 0.000000
 1.650000 0.000000 0.000000
 1.652500 0.000000 0.000000
 1.655000 0.000000 0.000000
 1.657500 0.000000 0.000000
 1.660000 0.000000 0.000000
 1.662500 0.000000 0.000000
 1.665000 0.000000 0.000000
 1.667500 0.000000 0.000000
 1.670000 0.000000 0.000000
 1.672500 0.000000 0.000000
 1.675000 0.000000 0.000000
 1.677500 0.000000 0.000000
 1.680000 0.000000 0.000000
 1.682500 0.000000 0.000000
 1.685000 0.000000 0.000000
 1.687500 0.000000 0.000000
 1.690000 0.000000 0.000000
 1.692500 0.000000 0.000000
 1.695000 0.000000 0.000000
 1.697500 0.000000 0.000000
 1.700000 0.000000 0.000000
 1.702500 0.000000 0.000000
 1.705000 0.000000 0.000000
 1.707500 0.000000 0.000000
 1.710000 0.000000 0.000000
 1.712500 0.000000 0.000000
 1.715000 0.000000 0.000000
 1.717500 0.000000 0.000000
 1.720000 0.000000 0.000000
 1.722500 0.000000 0.000000
 1.725000 0.000000 0.000000
 1.727500 0.000000 0.000000
 1.730000 0.000000 0.000000
 1.732500 0.000000 0.000000
 1.735000 0.000000 0.000000
 1.737500 0.000000 0.000000
 1.740000 0.000000 0.000000
 1.742500 0.000000 0.000000
 1.745000 0.000000 0.000000
 1.747500 0.000000 0.000000
 1.750000 0.000000 0.000000
 1.752500 0.000000 0.000000
 1.755000 0.000000 0.000000
 1.757500 0.000000 0.000000
 1.760000 0.000000 0.000000
 1.762500 0.000000 0.000000
 1.765000 0.000000 0.000000
 1.767500 0.000000 0.000000
 1.770000 0.000000 0.000000
 1.772500 0.000000 0.000000
 1.775000 0.000000 0.000000
 1.777500 0.000000 0.000000
 1.780000 0.000000 0.000000
 1.782500 0.000000 0.000000
 1.785000 0.000000 0.000000
 1.787500 0.000000 0.000000
 1.790000 0.000000 0.000000
 1.792500 0.000000 0.000000
 1.795000 0.000000 0.000000
 1.797500 0.000000 0.000000
 1.800000 0.000000 0.000000
 1.802500 0.000000 0.000000
 1.805000 0.000000 0.000000
 1.807500 0.000000 0.000000
 1.810000 0.000000 0.000000
 1.812500 0.000000 0.000000
 1.815000 0.000000 0.000000
 1.817500 0.000000 0.000000
 1.820000 0.000000 0.000000
 1.822500 0.000000 0.000000
 1.825000 0.000000 0.000000
 1.827500 0.000000 0.000000
 1.830000 0.000000 0.000000
 1.832500 0.000000 0.000000
 1.835000 0.000000 0.000000
 1.837500 0.000000 0.000000
 1.840000 0.000000 0.000000
 1.842500 0.000000 0.000000
 1.845000 0.000000 0.000000
 1.847500 0.000000 0.000000
 1.850000 0.000000 0.000000
 1.852500 0.000000 0.000000
 1.855000 0.000000 0.000000
 1.857500 0.000000 0.000000
 1.860000 0.000000 0.000000
 1.862500 0.000000 0.000000
 1.865000 0.000000 0.000000
 1.867500 0.000000 0.000000
 1.870000 0.000000 0.000000
 1.872500 0.000000 0.000000
 1.875000 0.000000 0.000000
 1.877500 0.000000 0.000000
 1.880000 0.000000 0.000000
 1.882500 0.000000 0.000000
 1.885000 0.000000 0.000000
 1.887500 0.000000 0.000000
 1.890000 0.000000 0.000000
 1.892500 0.000000 0.000000
 1.895000 0.000000 0.000000
 1.897500 0.000000 0.000000
 1.900000 0.000000 0.000000
 1.902500 0.000000 0.000000
 1.905000 0.000000 0.000000
 1.907500 0.000000 0.000000
 1.910000 0.000000 0.000000
 1.912500 0.000000 0.000000
 1.915000 0.000000 0.000000
 1.917500 0.000000 0.000000
 1.920000 0.000000 0.000000
 1.922500 0.000000 0.000000
 1.925000 0.000000 0.000000
 1.927500 0.000000 0.000000
 1.930000 0.000000 0.000000
 1.932500 0.000000 0.000000
 1.935000 0.000000 0.000000
 1.937500 0.000000 0.000000
 1.940000 0.000000 0.000000
 1.942500 0.000000 0.000000
 1.945000 0.000000 0.000000
 1.947500 0.000000 0.000000
 1.950000 0.000000 0.000000
 1.952500 0.000000 0.000000
 1.955000 0.000000 0.000000
 1.957500 0.000000 0.000000
 1.960000 0.000000 0.000000
 1.962500 0.000000 0.000000
 1.965000 0.000000 0.000000
 1.967500 0.000000 0.000000
 1.970000 0.000000 0.000000
 1.972500 0.000000 0.000000
 1.975000 0.000000 0.000000
 1.977500 0.000000 0.000000
 1.980000 0.000000 0.000000
 1.982500 0.000000 0.000000
 1.985000 0.000000 0.000000
 1.987500 0.000000 0.000000
 1.990000 0.000000 0.000000
 1.992500 0.000000 0.000000
 1.995000 0.000000 0.000000
 1.997500 0.000000 0.000000
 2.000000 0.000000 0.000000
