#! FIELDS es hh dhh_es
#! SET normalisation  200.000000
#! SET min_es -0.5
#! SET max_es 2
#! SET nbins_es  1000
#! SET periodic_es false
 -0.500000 0.000000 0.000000
 -0.497500 0.000000 0.000000
 -0.495000 0.000000 0.000000
 -0.492500 0.000000 0.000000
 -0.490000 0.000000 0.000000
 -0.487500 0.000000 0.000000
 -0.485000 0.000000 0.000000
 -0.482500 0.000000 0.000000
 -0.480000 0.000000 0.000000
 -0.477500 0.000000 0.000000
 -0.475000 0.000000 0.000000
 -0.472500 0.000000 0.000000
 -0.470000 0.000000 0.000000
 -0.467500 0.000000 0.000000
 -0.465000 0.000000 0.000000
 -0.462500 0.000000 0.000000
 -0.460000 0.000000 0.000000
 -0.457500 0.000000 0.000000
 -0.455000 0.000000 0.000000
 -0.452500 0.000000 0.000000
 -0.450000 0.000000 0.000000
 -0.447500 0.000000 0.000000
 -0.445000 0.000000 0.000000
 -0.442500 0.000000 0.000000
 -0.440000 0.000000 0.000000
 -0.437500 0.000000 0.000000
 -0.435000 0.000000 0.000000
 -0.432500 0.000000 0.000000
 -0.430000 0.000000 0.000000
 -0.427500 0.000000 0.000000
 -0.425000 0.000000 0.000000
 -0.422500 0.000000 0.000000
 -0.420000 0.000000 0.000000
 -0.417500 0.000000 0.000000
 -0.415000 0.000000 0.000000
 -0.412500 0.000000 0.000000
 -0.410000 0.000000 0.000000
 -0.407500 0.000000 0.000000
 -0.405000 0.000000 0.000000
 -0.402500 0.000000 0.000000
 -0.400000 0.000000 0.000000
 -0.397500 0.000000 0.000000
 -0.395000 0.000000 0.000000
 -0.392500 0.000000 0.000000
 -0.390000 0.000000 0.000000
 -0.387500 0.000000 0.000000
 -0.385000 0.000000 0.000000
 -0.382500 0.000000 0.000000
 -0.380000 0.000000 0.000000
 -0.377500 0.000000 0.000000
 -0.375000 0.000000 0.000000
 -0.372500 0.000000 0.000000
 -0.370000 0.000000 0.000000
 -0.367500 0.000000 0.000000
 -0.365000 0.000000 0.000000
 -0.362500 0.000000 0.000000
 -0.360000 0.000000 0.000000
 -0.357500 0.000000 0.000000
 -0.355000 0.000000 0.000000
 -0.352500 0.000000 0.000000
 -0.350000 0.000000 0.000000
 -0.347500 0.000000 0.000000
 -0.345000 0.000000 0.000000
 -0.342500 0.000000 0.000000
 -0.340000 0.000000 0.000000
 -0.337500 0.000000 0.000000
 -0.335000 0.000000 0.000000
 -0.332500 0.000000 0.000000
 -0.330000 0.000000 0.000000
 -0.327500 0.000000 0.000000
 -0.325000 0.000000 0.000000
 -0.322500 0.000000 0.000000
 -0.320000 0.000000 0.000000
 -0.317500 0.000000 0.000000
 -0.315000 0.000000 0.000000
 -0.312500 0.000000 0.000000
 -0.310000 0.000000 0.000000
 -0.307500 0.000000 0.000000
 -0.305000 0.000000 0.000000
 -0.302500 0.000000 0.000000
 -0.300000 0.000000 0.000000
 -0.297500 0.000000 0.000000
 -0.295000 0.000000 0.000000
 -0.292500 0.000000 0.000000
 -0.290000 0.000000 0.000000
 -0.287500 0.000000 0.000000
 -0.285000 0.000000 0.000000
 -0.282500 0.000000 0.000000
 -0.280000 0.000000 0.000000
 -0.277500 0.000000 0.000000
 -0.275000 0.000000 0.000000
 -0.272500 0.000000 0.000000
 -0.270000 0.000000 0.000000
 -0.267500 0.000000 0.000000
 -0.265000 0.000000 0.000000
 -0.262500 0.000000 0.000000
 -0.260000 0.000000 0.000000
 -0.257500 0.000000 0.000000
 -0.255000 0.000000 0.000000
 -0.252500 0.000000 0.000000
 -0.250000 0.000000 0.000000
 -0.247500 0.000000 0.000000
 -0.245000 0.000000 0.000000
 -0.242500 0.000000 0.000000
 -0.240000 0.000000 0.000000
 -0.237500 0.000000 0.000000
 -0.235000 0.000000 0.000000
 -0.232500 0.000000 0.000000
 -0.230000 0.000000 0.000000
 -0.227500 0.000000 0.000000
 -0.225000 0.000000 0.000000
 -0.222500 0.000000 0.000000
 -0.220000 0.000000 0.000000
 -0.217500 0.000000 0.000000
 -0.215000 0.000000 0.000000
 -0.212500 0.000000 0.000000
 -0.210000 0.000000 0.000000
 -0.207500 0.000000 0.000000
 -0.205000 0.000000 0.000000
 -0.202500 0.000000 0.000000
 -0.200000 0.000000 0.000000
 -0.197500 0.000000 0.000000
 -0.195000 0.000000 0.000000
 -0.192500 0.000000 0.000000
 -0.190000 0.000000 0.000000
 -0.187500 0.000000 0.000000
 -0.185000 0.000000 0.000000
 -0.182500 0.000000 0.000000
 -0.180000 0.000000 0.000000
 -0.177500 0.000000 0.000000
 -0.175000 0.000000 0.000000
 -0.172500 0.000000 0.000000
 -0.170000 0.000000 0.000000
 -0.167500 0.000000 0.000000
 -0.165000 0.000000 0.000000
 -0.162500 0.000000 0.000000
 -0.160000 0.000000 0.000000
 -0.157500 0.000000 0.000000
 -0.155000 0.000000 0.000000
 -0.152500 0.000000 0.000000
 -0.150000 0.000000 0.000000
 -0.147500 0.000000 0.000000
 -0.145000 0.000000 0.000000
 -0.142500 0.000000 0.000000
 -0.140000 0.000000 0.000000
 -0.137500 0.000000 0.000000
 -0.135000 0.000000 0.000000
 -0.132500 0.000000 0.000000
 -0.130000 0.000000 0.000000
 -0.127500 0.000000 0.000000
 -0.125000 0.000000 0.000000
 -0.122500 0.000000 0.000000
 -0.120000 0.000000 0.000000
 -0.117500 0.000000 0.000000
 -0.115000 0.000000 0.000000
 -0.112500 0.000000 0.000000
 -0.110000 0.000000 0.000000
 -0.107500 0.000000 0.000000
 -0.105000 0.000000 0.000000
 -0.102500 0.000000 0.000000
 -0.100000 0.000000 0.000000
 -0.097500 0.000000 0.000000
 -0.095000 0.000000 0.000000
 -0.092500 0.000000 0.000000
 -0.090000 0.000000 0.000000
 -0.087500 0.000000 0.000000
 -0.085000 0.000000 0.000000
 -0.082500 0.000000 0.000000
 -0.080000 0.000000 0.000000
 -0.077500 0.000000 0.000000
 -0.075000 0.000000 0.000000
 -0.072500 0.000000 0.000000
 -0.070000 0.000000 0.000000
 -0.067500 0.000000 0.000000
 -0.065000 0.000000 0.000000
 -0.062500 0.000000 0.000000
 -0.060000 0.000000 0.000000
 -0.057500 0.000000 0.000000
 -0.055000 0.000000 0.000000
 -0.052500 0.000000 0.000000
 -0.050000 0.000000 0.000000
 -0.047500 0.000000 0.000000
 -0.045000 0.000000 0.000000
 -0.042500 0.000000 0.000000
 -0.040000 0.000000 0.000000
 -0.037500 0.000000 0.000000
 -0.035000 0.000000 0.000000
 -0.032500 0.000000 0.000000
 -0.030000 0.000000 0.000000
 -0.027500 0.000000 0.000000
 -0.025000 0.000000 0.000000
 -0.022500 0.000000 0.000000
 -0.020000 0.000000 0.000000
 -0.017500 0.000000 0.000000
 -0.015000 0.000000 0.000000
 -0.012500 0.000000 0.000000
 -0.010000 0.000000 0.000000
 -0.007500 0.000000 0.000000
 -0.005000 0.000000 0.000000
 -0.002500 0.000000 0.000000
 0.000000 0.000000 0.000000
 0.002500 0.000000 0.000000
 0.005000 0.000000 0.000000
 0.007500 0.000000 0.000000
 0.010000 0.000000 0.000000
 0.012500 0.000000 0.000000
 0.015000 0.000000 0.000000
 0.017500 0.000000 0.000000
 0.020000 0.000000 0.000000
 0.022500 0.000000 0.000000
 0.025000 0.000000 0.000000
 0.027500 0.000000 0.000000
 0.030000 0.000000 0.000000
 0.032500 0.000000 0.000000
 0.035000 0.000000 0.000000
 0.037500 0.000000 0.000000
 0.040000 0.000000 0.000000
 0.042500 0.000000 0.000000
 0.045000 0.000000 0.000000
 0.047500 0.000000 0.000000
 0.050000 0.000000 0.000000
 0.052500 0.000000 0.000000
 0.055000 0.000000 0.000000
 0.057500 0.000000 0.000000
 0.060000 0.000000 0.000000
 0.062500 0.000000 0.000000
 0.065000 0.000000 0.000000
 0.067500 0.000000 0.000000
 0.070000 0.000000 0.000000
 0.072500 0.000000 0.000000
 0.075000 0.000000 0.000000
 0.077500 0.000000 0.000000
 0.080000 0.000000 0.000000
 0.082500 0.000000 0.000000
 0.085000 0.000000 0.000000
 0.087500 0.000000 0.000000
 0.090000 0.000000 0.000000
 0.092500 0.000000 0.000000
 0.095000 0.000000 0.000000
 0.097500 0.000000 0.000000
 0.100000 0.000000 0.000000
 0.102500 0.000000 0.000000
 0.105000 0.000000 0.000000
 0.107500 0.000000 0.000000
 0.110000 0.000000 0.000000
 0.112500 0.000000 0.000000
 0.115000 0.000000 0.000000
 0.117500 0.000000 0.000000
 0.120000 0.000000 0.000000
 0.122500 0.000000 0.000000
 0.125000 0.000000 0.000000
 0.127500 0.000000 0.000000
 0.130000 0.000000 0.000000
 0.132500 0.000000 0.000000
 0.135000 0.000001 0.000414
 0.137500 0.000003 0.000983
 0.140000 0.000007 0.002182
 0.142500 0.000015 0.004529
 0.145000 0.000031 0.008986
 0.147500 0.000062 0.016354
 0.150000 0.000117 0.028038
 0.152500 0.000207 0.044627
 0.155000 0.000344 0.066304
 0.157500 0.000543 0.092385
 0.160000 0.000809 0.120301
 0.162500 0.001145 0.147310
 0.165000 0.001545 0.170391
 0.167500 0.001994 0.188197
 0.170000 0.002484 0.202852
 0.172500 0.003012 0.219374
 0.175000 0.003593 0.245993
 0.177500 0.004263 0.291454
 0.180000 0.005074 0.361340
 0.182500 0.006094 0.458777
 0.185000 0.007394 0.582462
 0.187500 0.009027 0.724636
 0.190000 0.011030 0.876158
 0.192500 0.013410 1.025695
 0.195000 0.016155 1.165640
 0.197500 0.019232 1.290644
 0.200000 0.022599 1.398815
 0.202500 0.026221 1.492803
 0.205000 0.030062 1.574562
 0.207500 0.034094 1.645900
 0.210000 0.038295 1.709748
 0.212500 0.042650 1.770032
 0.215000 0.047160 1.833496
 0.217500 0.051842 1.910859
 0.220000 0.056754 2.017598
 0.222500 0.061989 2.169311
 0.225000 0.067673 2.378600
 0.227500 0.073964 2.658300
 0.230000 0.081054 3.017086
 0.232500 0.089148 3.464222
 0.235000 0.098486 4.011361
 0.237500 0.109328 4.666676
 0.240000 0.121945 5.432810
 0.242500 0.136615 6.306697
 0.245000 0.153595 7.271943
 0.247500 0.173068 8.295928
 0.250000 0.195139 9.339900
 0.252500 0.219786 10.354432
 0.255000 0.246894 11.305047
 0.257500 0.276285 12.171637
 0.260000 0.307747 12.961317
 0.262500 0.341096 13.687138
 0.265000 0.376195 14.363385
 0.267500 0.412918 14.984004
 0.270000 0.451117 15.530280
 0.272500 0.490546 15.965127
 0.275000 0.530887 16.261576
 0.277500 0.571808 16.425767
 0.280000 0.613013 16.503084
 0.282500 0.654384 16.567997
 0.285000 0.695988 16.702398
 0.287500 0.738079 16.969904
 0.290000 0.781049 17.395477
 0.292500 0.825247 17.950318
 0.295000 0.870949 18.582976
 0.297500 0.918246 19.223468
 0.300000 0.967088 19.818102
 0.302500 1.017359 20.361880
 0.305000 1.068944 20.879492
 0.307500 1.121874 21.440551
 0.310000 1.176301 22.095068
 0.312500 1.232541 22.895775
 0.315000 1.290954 23.833987
 0.317500 1.351841 24.850534
 0.320000 1.415284 25.866004
 0.322500 1.481155 26.787319
 0.325000 1.549172 27.568899
 0.327500 1.618967 28.232025
 0.330000 1.690357 28.856876
 0.332500 1.763363 29.550452
 0.335000 1.838291 30.408529
 0.337500 1.915597 31.452404
 0.340000 1.995702 32.624411
 0.342500 2.078722 33.768421
 0.345000 2.164371 34.677065
 0.347500 2.251754 35.135403
 0.350000 2.339485 34.927469
 0.352500 2.425748 33.934225
 0.355000 2.508534 32.166336
 0.357500 2.586082 29.788696
 0.360000 2.657221 27.107060
 0.362500 2.721706 24.540974
 0.365000 2.780356 22.507403
 0.367500 2.834914 21.328073
 0.370000 2.887771 21.125069
 0.372500 2.941248 21.826593
 0.375000 2.997376 23.186489
 0.377500 3.057373 24.855635
 0.380000 3.121551 26.495927
 0.382500 3.189453 27.786399
 0.385000 3.259843 28.491958
 0.387500 3.331084 28.409256
 0.390000 3.401103 27.511871
 0.392500 3.467814 25.792606
 0.395000 3.529305 23.380578
 0.397500 3.584098 20.480365
 0.400000 3.631287 17.349178
 0.402500 3.670656 14.272392
 0.405000 3.702682 11.501645
 0.407500 3.728406 9.285716
 0.410000 3.749506 7.806578
 0.412500 3.767928 7.170274
 0.415000 3.785819 7.379148
 0.417500 3.805105 8.269016
 0.420000 3.827176 9.521874
 0.422500 3.852414 10.755408
 0.425000 3.880261 11.549916
 0.427500 3.909239 11.599217
 0.430000 3.937222 10.783515
 0.432500 3.962144 9.173798
 0.435000 3.982257 7.020428
 0.437500 3.996648 4.630945
 0.440000 4.005124 2.356273
 0.442500 4.008347 0.451731
 0.445000 4.007423 -0.945138
 0.447500 4.003662 -1.785668
 0.450000 3.998428 -2.175971
 0.452500 3.992619 -2.258323
 0.455000 3.986785 -2.254951
 0.457500 3.980822 -2.395424
 0.460000 3.974123 -2.881396
 0.462500 3.965613 -3.834987
 0.465000 3.954113 -5.263411
 0.467500 3.938549 -6.996746
 0.470000 3.918517 -8.817977
 0.472500 3.894163 -10.432564
 0.475000 3.866200 -11.669211
 0.477500 3.835642 -12.507296
 0.480000 3.803344 -13.094922
 0.482500 3.769627 -13.715189
 0.485000 3.734062 -14.607640
 0.487500 3.695728 -15.919637
 0.490000 3.653594 -17.643528
 0.492500 3.606811 -19.556488
 0.495000 3.555322 -21.385136
 0.497500 3.499719 -22.802909
 0.500000 3.441297 -23.622010
 0.502500 3.381635 -23.796259
 0.505000 3.322226 -23.445640
 0.507500 3.264074 -22.846247
 0.510000 3.207460 -22.245105
 0.512500 3.152096 -21.886419
 0.515000 3.097269 -21.840138
 0.517500 3.042184 -22.064821
 0.520000 2.986357 -22.389634
 0.522500 2.929799 -22.627109
 0.525000 2.872989 -22.547352
 0.527500 2.816882 -22.037735
 0.530000 2.762652 -21.075540
 0.532500 2.711339 -19.718343
 0.535000 2.663729 -18.155458
 0.537500 2.620070 -16.594317
 0.540000 2.580086 -15.250119
 0.542500 2.543007 -14.308855
 0.545000 2.507686 -13.872681
 0.547500 2.472799 -13.961262
 0.550000 2.437041 -14.512919
 0.552500 2.399449 -15.441742
 0.555000 2.359255 -16.576944
 0.557500 2.316113 -17.743038
 0.560000 2.270178 -18.798647
 0.562500 2.221908 -19.598744
 0.565000 2.172075 -20.046666
 0.567500 2.121619 -20.102914
 0.570000 2.071485 -19.796316
 0.572500 2.022470 -19.229741
 0.575000 1.975054 -18.553198
 0.577500 1.929271 -17.962291
 0.580000 1.884711 -17.592717
 0.582500 1.840669 -17.540586
 0.585000 1.796363 -17.807527
 0.587500 1.751091 -18.278253
 0.590000 1.704581 -18.799114
 0.592500 1.656872 -19.178266
 0.595000 1.608523 -19.319961
 0.597500 1.560181 -19.154932
 0.600000 1.512589 -18.755891
 0.602500 1.466188 -18.207118
 0.605000 1.421208 -17.658019
 0.607500 1.377522 -17.189713
 0.610000 1.334863 -16.812467
 0.612500 1.293096 -16.495820
 0.615000 1.252179 -16.115265
 0.617500 1.212388 -15.567638
 0.620000 1.174248 -14.806297
 0.622500 1.138261 -13.833239
 0.625000 1.104882 -12.746486
 0.627500 1.074253 -11.666856
 0.630000 1.046209 -10.693465
 0.632500 1.020383 -9.900294
 0.635000 0.996275 -9.333453
 0.637500 0.973296 -8.996759
 0.640000 0.950879 -8.890484
 0.642500 0.928460 -9.002925
 0.645000 0.905492 -9.307431
 0.647500 0.881581 -9.760002
 0.650000 0.856442 -10.274281
 0.652500 0.830029 -10.749395
 0.655000 0.802574 -11.121405
 0.657500 0.774388 -11.316592
 0.660000 0.745948 -11.345379
 0.662500 0.717629 -11.226775
 0.665000 0.689749 -11.010269
 0.667500 0.662487 -10.715729
 0.670000 0.636027 -10.374154
 0.672500 0.610499 -9.986954
 0.675000 0.585976 -9.562229
 0.677500 0.562546 -9.132177
 0.680000 0.540161 -8.717301
 0.682500 0.518752 -8.358465
 0.685000 0.498183 -8.050005
 0.687500 0.478362 -7.752786
 0.690000 0.459325 -7.403363
 0.692500 0.441287 -6.952242
 0.695000 0.424546 -6.375583
 0.697500 0.409380 -5.700446
 0.700000 0.395949 -5.004019
 0.702500 0.384182 -4.379628
 0.705000 0.373794 -3.924842
 0.707500 0.364284 -3.682780
 0.710000 0.355105 -3.654731
 0.712500 0.345758 -3.812359
 0.715000 0.335861 -4.086627
 0.717500 0.325204 -4.412677
 0.720000 0.313728 -4.724038
 0.722500 0.301551 -4.979133
 0.725000 0.288852 -5.126534
 0.727500 0.275944 -5.141153
 0.730000 0.263191 -5.001521
 0.732500 0.250995 -4.716363
 0.735000 0.239668 -4.306331
 0.737500 0.229453 -3.839607
 0.740000 0.220386 -3.395470
 0.742500 0.212318 -3.060602
 0.745000 0.204901 -2.878868
 0.747500 0.197737 -2.857559
 0.750000 0.190449 -2.957885
 0.752500 0.182818 -3.125745
 0.755000 0.174772 -3.287901
 0.757500 0.166383 -3.387563
 0.760000 0.157854 -3.404483
 0.762500 0.149385 -3.336248
 0.765000 0.141169 -3.208340
 0.767500 0.133320 -3.049699
 0.770000 0.125881 -2.888227
 0.772500 0.118830 -2.738415
 0.775000 0.112134 -2.608259
 0.777500 0.105750 -2.493622
 0.780000 0.099643 -2.378310
 0.782500 0.093832 -2.254482
 0.785000 0.088351 -2.112750
 0.787500 0.083247 -1.948496
 0.790000 0.078588 -1.767919
 0.792500 0.074397 -1.568888
 0.795000 0.070719 -1.361541
 0.797500 0.067564 -1.152906
 0.800000 0.064919 -0.957369
 0.802500 0.062725 -0.795402
 0.805000 0.060872 -0.690374
 0.807500 0.059190 -0.662374
 0.810000 0.057473 -0.715770
 0.812500 0.055534 -0.839925
 0.815000 0.053227 -0.997190
 0.817500 0.050532 -1.144866
 0.820000 0.047529 -1.239748
 0.822500 0.044391 -1.252690
 0.825000 0.041331 -1.176345
 0.827500 0.038554 -1.030687
 0.830000 0.036197 -0.849993
 0.832500 0.034296 -0.668387
 0.835000 0.032813 -0.520791
 0.837500 0.031636 -0.426930
 0.840000 0.030620 -0.392881
 0.842500 0.029621 -0.411044
 0.845000 0.028528 -0.461949
 0.847500 0.027293 -0.522715
 0.850000 0.025920 -0.569469
 0.852500 0.024462 -0.585879
 0.855000 0.023001 -0.571322
 0.857500 0.021610 -0.535439
 0.860000 0.020320 -0.494662
 0.862500 0.019124 -0.464574
 0.865000 0.017980 -0.453719
 0.867500 0.016838 -0.459514
 0.870000 0.015670 -0.471801
 0.872500 0.014479 -0.476561
 0.875000 0.013302 -0.459464
 0.877500 0.012201 -0.414615
 0.880000 0.011247 -0.343798
 0.882500 0.010490 -0.257058
 0.885000 0.009955 -0.169351
 0.887500 0.009626 -0.095171
 0.890000 0.009452 -0.047873
 0.892500 0.009356 -0.033857
 0.895000 0.009253 -0.053352
 0.897500 0.009064 -0.100169
 0.900000 0.008737 -0.162176
 0.902500 0.008250 -0.224002
 0.905000 0.007624 -0.271270
 0.907500 0.006910 -0.293452
 0.910000 0.006178 -0.285932
 0.912500 0.005501 -0.250952
 0.915000 0.004938 -0.196239
 0.917500 0.004524 -0.133654
 0.920000 0.004264 -0.075874
 0.922500 0.004131 -0.033755
 0.925000 0.004075 -0.013445
 0.927500 0.004040 -0.018239
 0.930000 0.003966 -0.043913
 0.932500 0.003808 -0.083760
 0.935000 0.003543 -0.127417
 0.937500 0.003174 -0.165849
 0.940000 0.002722 -0.190553
 0.942500 0.002232 -0.198945
 0.945000 0.001742 -0.190082
 0.947500 0.001292 -0.167425
 0.950000 0.000910 -0.137262
 0.952500 0.000608 -0.104801
 0.955000 0.000384 -0.074711
 0.957500 0.000229 -0.049662
 0.960000 0.000130 -0.031038
 0.962500 0.000069 -0.018169
 0.965000 0.000034 -0.009761
 0.967500 0.000016 -0.005047
 0.970000 0.000007 -0.002308
 0.972500 0.000002 -0.000822
 0.975000 0.000001 -0.000360
 0.977500 0.000000 0.000000
 0.980000 0.000000 0.000000
 0.982500 0.000000 0.000000
 0.985000 0.000000 0.000000
 0.987500 0.000000 0.000000
 0.990000 0.000000 0.000000
 0.992500 0.000000 0.000000
 0.995000 0.000000 0.000000
 0.997500 0.000000 0.000000
 1.000000 0.000000 0.000000
 1.002500 0.000000 0.000000
 1.005000 0.000000 0.000000
 1.007500 0.000000 0.000000
 1.010000 0.000000 0.000000
 1.012500 0.000000 0.000000
 1.015000 0.000000 0.000000
 1.017500 0.000000 0.000000
 1.020000 0.000000 0.000000
 1.022500 0.000000 0.000000
 1.025000 0.000000 0.000000
 1.027500 0.000000 0.000000
 1.030000 0.000000 0.000000
 1.032500 0.000000 0.000000
 1.035000 0.000000 0.000000
 1.037500 0.000000 0.000000
 1.040000 0.000000 0.000000
 1.042500 0.000000 0.000000
 1.045000 0.000000 0.000000
 1.047500 0.000000 0.000000
 1.050000 0.000000 0.000000
 1.052500 0.000000 0.000000
 1.055000 0.000000 0.000000
 1.057500 0.000000 0.000000
 1.060000 0.000000 0.000000
 1.062500 0.000000 0.000000
 1.065000 0.000000 0.000000
 1.067500 0.000000 0.000000
 1.070000 0.000000 0.000000
 1.072500 0.000000 0.000000
 1.075000 0.000000 0.000000
 1.077500 0.000000 0.000000
 1.080000 0.000000 0.000000
 1.082500 0.000000 0.000000
 1.085000 0.000000 0.000000
 1.087500 0.000000 0.000000
 1.090000 0.000000 0.000000
 1.092500 0.000000 0.000000
 1.095000 0.000000 0.000000
 1.097500 0.000000 0.000000
 1.100000 0.000000 0.000000
 1.102500 0.000000 0.000000
 1.105000 0.000000 0.000000
 1.107500 0.000000 0.000000
 1.110000 0.000000 0.000000
 1.112500 0.000000 0.000000
 1.115000 0.000000 0.000000
 1.117500 0.000000 0.000000
 1.120000 0.000000 0.000000
 1.122500 0.000000 0.000000
 1.125000 0.000000 0.000000
 1.127500 0.000000 0.000000
 1.130000 0.000000 0.000000
 1.132500 0.000000 0.000000
 1.135000 0.000000 0.000000
 1.137500 0.000000 0.000000
 1.140000 0.000000 0.000000
 1.142500 0.000000 0.000000
 1.145000 0.000000 0.000000
 1.147500 0.000000 0.000000
 1.150000 0.000000 0.000000
 1.152500 0.000000 0.000000
 1.155000 0.000000 0.000000
 1.157500 0.000000 0.000000
 1.160000 0.000000 0.000000
 1.162500 0.000000 0.000000
 1.165000 0.000000 0.000000
 1.167500 0.000000 0.000000
 1.170000 0.000000 0.000000
 1.172500 0.000000 0.000000
 1.175000 0.000000 0.000000
 1.177500 0.000000 0.000000
 1.180000 0.000000 0.000000
 1.182500 0.000000 0.000000
 1.185000 0.000000 0.000000
 1.187500 0.000000 0.000000
 1.190000 0.000000 0.000000
 1.192500 0.000000 0.000000
 1.195000 0.000000 0.000000
 1.197500 0.000000 0.000000
 1.200000 0.000000 0.000000
 1.202500 0.000000 0.000000
 1.205000 0.000000 0.000000
 1.207500 0.000000 0.000000
 1.210000 0.000000 0.000000
 1.212500 0.000000 0.000000
 1.215000 0.000000 0.000000
 1.217500 0.000000 0.000000
 1.220000 0.000000 0.000000
 1.222500 0.000000 0.000000
 1.225000 0.000000 0.000000
 1.227500 0.000000 0.000000
 1.230000 0.000000 0.000000
 1.232500 0.000000 0.000000
 1.235000 0.000000 0.000000
 1.237500 0.000000 0.000000
 1.240000 0.000000 0.000000
 1.242500 0.000000 0.000000
 1.245000 0.000000 0.000000
 1.247500 0.000000 0.000000
 1.250000 0.000000 0.000000
 1.252500 0.000000 0.000000
 1.255000 0.000000 0.000000
 1.257500 0.000000 0.000000
 1.260000 0.000000 0.000000
 1.262500 0.000000 0.000000
 1.265000 0.000000 0.000000
 1.267500 0.000000 0.000000
 1.270000 0.000000 0.000000
 1.272500 0.000000 0.000000
 1.275000 0.000000 0.000000
 1.277500 0.000000 0.000000
 1.280000 0.000000 0.000000
 1.282500 0.000000 0.000000
 1.285000 0.000000 0.000000
 1.287500 0.000000 0.000000
 1.290000 0.000000 0.000000
 1.292500 0.000000 0.000000
 1.295000 0.000000 0.000000
 1.297500 0.000000 0.000000
 1.300000 0.000000 0.000000
 1.302500 0.000000 0.000000
 1.305000 0.000000 0.000000
 1.307500 0.000000 0.000000
 1.310000 0.000000 0.000000
 1.312500 0.000000 0.000000
 1.315000 0.000000 0.000000
 1.317500 0.000000 0.000000
 1.320000 0.000000 0.000000
 1.322500 0.000000 0.000000
 1.325000 0.000000 0.000000
 1.327500 0.000000 0.000000
 1.330000 0.000000 0.000000
 1.332500 0.000000 0.000000
 1.335000 0.000000 0.000000
 1.337500 0.000000 0.000000
 1.340000 0.000000 0.000000
 1.342500 0.000000 0.000000
 1.345000 0.000000 0.000000
 1.347500 0.000000 0.000000
 1.350000 0.000000 0.000000
 1.352500 0.000000 0.000000
 1.355000 0.000000 0.000000
 1.357500 0.000000 0.000000
 1.360000 0.000000 0.000000
 1.362500 0.000000 0.000000
 1.365000 0.000000 0.000000
 1.367500 0.000000 0.000000
 1.370000 0.000000 0.000000
 1.372500 0.000000 0.000000
 1.375000 0.000000 0.000000
 1.377500 0.000000 0.000000
 1.380000 0.000000 0.000000
 1.382500 0.000000 0.000000
 1.385000 0.000000 0.000000
 1.387500 0.000000 0.000000
 1.390000 0.000000 0.000000
 1.392500 0.000000 0.000000
 1.395000 0.000000 0.000000
 1.397500 0.000000 0.000000
 1.400000 0.000000 0.000000
 1.402500 0.000000 0.000000
 1.405000 0.000000 0.000000
 1.407500 0.000000 0.000000
 1.410000 0.000000 0.000000
 1.412500 0.000000 0.000000
 1.415000 0.000000 0.000000
 1.417500 0.000000 0.000000
 1.420000 0.000000 0.000000
 1.422500 0.000000 0.000000
 1.425000 0.000000 0.000000
 1.427500 0.000000 0.000000
 1.430000 0.000000 0.000000
 1.432500 0.000000 0.000000
 1.435000 0.000000 0.000000
 1.437500 0.000000 0.000000
 1.440000 0.000000 0.000000
 1.442500 0.000000 0.000000
 1.445000 0.000000 0.000000
 1.447500 0.000000 0.000000
 1.450000 0.000000 0.000000
 1.452500 0.000000 0.000000
 1.455000 0.000000 0.000000
 1.457500 0.000000 0.000000
 1.460000 0.000000 0.000000
 1.462500 0.000000 0.000000
 1.465000 0.000000 0.000000
 1.467500 0.000000 0.000000
 1.470000 0.000000 0.000000
 1.472500 0.000000 0.000000
 1.475000 0.000000 0.000000
 1.477500 0.000000 0.000000
 1.480000 0.000000 0.000000
 1.482500 0.000000 0.000000
 1.485000 0.000000 0.000000
 1.487500 0.000000 0.000000
 1.490000 0.000000 0.000000
 1.492500 0.000000 0.000000
 1.495000 0.000000 0.000000
 1.497500 0.000000 0.000000
 1.500000 0.000000 0.000000
 1.502500 0.000000 0.000000
 1.505000 0.000000 0.000000
 1.507500 0.000000 0.000000
 1.510000 0.000000 0.000000
 1.512500 0.000000 0.000000
 1.515000 0.000000 0.000000
 1.517500 0.000000 0.000000
 1.520000 0.000000 0.000000
 1.522500 0.000000 0.000000
 1.525000 0.000000 0.000000
 1.527500 0.000000 0.000000
 1.530000 0.000000 0.000000
 1.532500 0.000000 0.000000
 1.535000 0.000000 0.000000
 1.537500 0.000000 0.000000
 1.540000 0.000000 0.000000
 1.542500 0.000000 0.000000
 1.545000 0.000000 0.000000
 1.547500 0.000000 0.000000
 1.550000 0.000000 0.000000
 1.552500 0.000000 0.000000
 1.555000 0.000000 0.000000
 1.557500 0.000000 0.000000
 1.560000 0.000000 0.000000
 1.562500 0.000000 0.000000
 1.565000 0.000000 0.000000
 1.567500 0.000000 0.000000
 1.570000 0.000000 0.000000
 1.572500 0.000000 0.000000
 1.575000 0.000000 0.000000
 1.577500 0.000000 0.000000
 1.580000 0.000000 0.000000
 1.582500 0.000000 0.000000
 1.585000 0.000000 0.000000
 1.587500 0.000000 0.000000
 1.590000 0.000000 0.000000
 1.592500 0.000000 0.000000
 1.595000 0.000000 0.000000
 1.597500 0.000000 0.000000
 1.600000 0.000000 0.000000
 1.602500 0.000000 0.000000
 1.605000 0.000000 0.000000
 1.607500 0.000000 0.000000
 1.610000 0.000000 0.000000
 1.612500 0.000000 0.000000
 1.615000 0.000000 0.000000
 1.617500 0.000000 0.000000
 1.620000 0.000000 0.000000
 1.622500 0.000000 0.000000
 1.625000 0.000000 0.000000
 1.627500 0.000000 0.000000
 1.630000 0.000000 0.000000
 1.632500 0.000000 0.000000
 1.635000 0.000000 0.000000
 1.637500 0.000000 0.000000
 1.640000 0.000000 0.000000
 1.642500 0.000000 0.000000
 1.645000 0.000000 0.000000
 1.647500 0.000000 0.000000
 1.650000 0.000000 0.000000
 1.652500 0.000000 0.000000
 1.655000 0.000000 0.000000
 1.657500 0.000000 0.000000
 1.660000 0.000000 0.000000
 1.662500 0.000000 0.000000
 1.665000 0.000000 0.000000
 1.667500 0.000000 0.000000
 1.670000 0.000000 0.000000
 1.672500 0.000000 0.000000
 1.675000 0.000000 0.000000
 1.677500 0.000000 0.000000
 1.680000 0.000000 0.000000
 1.682500 0.000000 0.000000
 1.685000 0.000000 0.000000
 1.687500 0.000000 0.000000
 1.690000 0.000000 0.000000
 1.692500 0.000000 0.000000
 1.695000 0.000000 0.000000
 1.697500 0.000000 0.000000
 1.700000 0.000000 0.000000
 1.702500 0.000000 0.000000
 1.705000 0.000000 0.000000
 1.707500 0.000000 0.000000
 1.710000 0.000000 0.000000
 1.712500 0.000000 0.000000
 1.715000 0.000000 0.000000
 1.717500 0.000000 0.000000
 1.720000 0.000000 0.000000
 1.722500 0.000000 0.000000
 1.725000 0.000000 0.000000
 1.727500 0.000000 0.000000
 1.730000 0.000000 0.000000
 1.732500 0.000000 0.000000
 1.735000 0.000000 0.000000
 1.737500 0.000000 0.000000
 1.740000 0.000000 0.000000
 1.742500 0.000000 0.000000
 1.745000 0.000000 0.000000
 1.747500 0.000000 0.000000
 1.750000 0.000000 0.000000
 1.752500 0.000000 0.000000
 1.755000 0.000000 0.000000
 1.757500 0.000000 0.000000
 1.760000 0.000000 0.000000
 1.762500 0.000000 0.000000
 1.765000 0.000000 0.000000
 1.767500 0.000000 0.000000
 1.770000 0.000000 0.000000
 1.772500 0.000000 0.000000
 1.775000 0.000000 0.000000
 1.777500 0.000000 0.000000
 1.780000 0.000000 0.000000
 1.782500 0.000000 0.000000
 1.785000 0.000000 0.000000
 1.787500 0.000000 0.000000
 1.790000 0.000000 0.000000
 1.792500 0.000000 0.000000
 1.795000 0.000000 0.000000
 1.797500 0.000000 0.000000
 1.800000 0.000000 0.000000
 1.802500 0.000000 0.000000
 1.805000 0.000000 0.000000
 1.807500 0.000000 0.000000
 1.810000 0.000000 0.000000
 1.812500 0.000000 0.000000
 1.815000 0.000000 0.000000
 1.817500 0.000000 0.000000
 1.820000 0.000000 0.000000
 1.822500 0.000000 0.000000
 1.825000 0.000000 0.000000
 1.827500 0.000000 0.000000
 1.830000 0.000000 0.000000
 1.832500 0.000000 0.000000
 1.835000 0.000000 0.000000
 1.837500 0.000000 0.000000
 1.840000 0.000000 0.000000
 1.842500 0.000000 0.000000
 1.845000 0.000000 0.000000
 1.847500 0.000000 0.000000
 1.850000 0.000000 0.000000
 1.852500 0.000000 0.000000
 1.855000 0.000000 0.000000
 1.857500 0.000000 0.000000
 1.860000 0.000000 0.000000
 1.862500 0.000000 0.000000
 1.865000 0.000000 0.000000
 1.867500 0.000000 0.000000
 1.870000 0.000000 0.000000
 1.872500 0.000000 0.000000
 1.875000 0.000000 0.000000
 1.877500 0.000000 0.000000
 1.880000 0.000000 0.000000
 1.882500 0.000000 0.000000
 1.885000 0.000000 0.000000
 1.887500 0.000000 0.000000
 1.890000 0.000000 0.000000
 1.892500 0.000000 0.000000
 1.895000 0.000000 0.000000
 1.897500 0.000000 0.000000
 1.900000 0.000000 0.000000
 1.902500 0.000000 0.000000
 1.905000 0.000000 0.000000
 1.907500 0.000000 0.000000
 1.910000 0.000000 0.000000
 1.912500 0.000000 0.000000
 1.915000 0.000000 0.000000
 1.917500 0.000000 0.000000
 1.920000 0.000000 0.000000
 1.922500 0.000000 0.000000
 1.925000 0.000000 0.000000
 1.927500 0.000000 0.000000
 1.930000 0.000000 0.000000
 1.932500 0.000000 0.000000
 1.935000 0.000000 0.000000
 1.937500 0.000000 0.000000
 1.940000 0.000000 0.000000
 1.942500 0.000000 0.000000
 1.945000 0.000000 0.000000
 1.947500 0.000000 0.000000
 1.950000 0.000000 0.000000
 1.952500 0.000000 0.000000
 1.955000 0.000000 0.000000
 1.957500 0.000000 0.000000
 1.960000 0.000000 0.000000
 1.962500 0.000000 0.000000
 1.965000 0.000000 0.000000
 1.967500 0.000000 0.000000
 1.970000 0.000000 0.000000
 1.972500 0.000000 0.000000
 1.975000 0.000000 0.000000
 1.977500 0.000000 0.000000
 1.980000 0.000000 0.000000
 1.982500 0.000000 0.000000
 1.985000 0.000000 0.000000
 1.987500 0.000000 0.000000
 1.990000 0.000000 0.000000
 1.992500 0.000000 0.000000
 1.995000 0.000000 0.000000
 1.997500 0.000000 0.000000
 2.000000 0.000000 0.000000
