#! FIELDS es hh dhh_es
#! SET normalisation  200.000000
#! SET min_es -0.5
#! SET max_es 2
#! SET nbins_es  1000
#! SET periodic_es false
 -0.500000 0.000000 0.000000
 -0.497500 0.000000 0.000000
 -0.495000 0.000000 0.000000
 -0.492500 0.000000 0.000000
 -0.490000 0.000000 0.000000
 -0.487500 0.000000 0.000000
 -0.485000 0.000000 0.000000
 -0.482500 0.000000 0.000000
 -0.480000 0.000000 0.000000
 -0.477500 0.000000 0.000000
 -0.475000 0.000000 0.000000
 -0.472500 0.000000 0.000000
 -0.470000 0.000000 0.000000
 -0.467500 0.000000 0.000000
 -0.465000 0.000000 0.000000
 -0.462500 0.000000 0.000000
 -0.460000 0.000000 0.000000
 -0.457500 0.000000 0.000000
 -0.455000 0.000000 0.000000
 -0.452500 0.000000 0.000000
 -0.450000 0.000000 0.000000
 -0.447500 0.000000 0.000000
 -0.445000 0.000000 0.000000
 -0.442500 0.000000 0.000000
 -0.440000 0.000000 0.000000
 -0.437500 0.000000 0.000000
 -0.435000 0.000000 0.000000
 -0.432500 0.000000 0.000000
 -0.430000 0.000000 0.000000
 -0.427500 0.000000 0.000000
 -0.425000 0.000000 0.000000
 -0.422500 0.000000 0.000000
 -0.420000 0.000000 0.000000
 -0.417500 0.000000 0.000000
 -0.415000 0.000000 0.000000
 -0.412500 0.000000 0.000000
 -0.410000 0.000000 0.000000
 -0.407500 0.000000 0.000000
 -0.405000 0.000000 0.000000
 -0.402500 0.000000 0.000000
 -0.400000 0.000000 0.000000
 -0.397500 0.000000 0.000000
 -0.395000 0.000000 0.000000
 -0.392500 0.000000 0.000000
 -0.390000 0.000000 0.000000
 -0.387500 0.000000 0.000000
 -0.385000 0.000000 0.000000
 -0.382500 0.000000 0.000000
 -0.380000 0.000000 0.000000
 -0.377500 0.000000 0.000000
 -0.375000 0.000000 0.000000
 -0.372500 0.000000 0.000000
 -0.370000 0.000000 0.000000
 -0.367500 0.000000 0.000000
 -0.365000 0.000000 0.000000
 -0.362500 0.000000 0.000000
 -0.360000 0.000000 0.000000
 -0.357500 0.000000 0.000000
 -0.355000 0.000000 0.000000
 -0.352500 0.000000 0.000000
 -0.350000 0.000000 0.000000
 -0.347500 0.000000 0.000000
 -0.345000 0.000000 0.000000
 -0.342500 0.000000 0.000000
 -0.340000 0.000000 0.000000
 -0.337500 0.000000 0.000000
 -0.335000 0.000000 0.000000
 -0.332500 0.000000 0.000000
 -0.330000 0.000000 0.000000
 -0.327500 0.000000 0.000000
 -0.325000 0.000000 0.000000
 -0.322500 0.000000 0.000000
 -0.320000 0.000000 0.000000
 -0.317500 0.000000 0.000000
 -0.315000 0.000000 0.000000
 -0.312500 0.000000 0.000000
 -0.310000 0.000000 0.000000
 -0.307500 0.000000 0.000000
 -0.305000 0.000000 0.000000
 -0.302500 0.000000 0.000000
 -0.300000 0.000000 0.000000
 -0.297500 0.000000 0.000000
 -0.295000 0.000000 0.000000
 -0.292500 0.000000 0.000000
 -0.290000 0.000000 0.000000
 -0.287500 0.000000 0.000000
 -0.285000 0.000000 0.000000
 -0.282500 0.000000 0.000000
 -0.280000 0.000000 0.000000
 -0.277500 0.000000 0.000000
 -0.275000 0.000000 0.000000
 -0.272500 0.000000 0.000000
 -0.270000 0.000000 0.000000
 -0.267500 0.000000 0.000000
 -0.265000 0.000000 0.000000
 -0.262500 0.000000 0.000000
 -0.260000 0.000000 0.000000
 -0.257500 0.000000 0.000000
 -0.255000 0.000000 0.000000
 -0.252500 0.000000 0.000000
 -0.250000 0.000000 0.000000
 -0.247500 0.000000 0.000000
 -0.245000 0.000000 0.000000
 -0.242500 0.000000 0.000000
 -0.240000 0.000000 0.000000
 -0.237500 0.000000 0.000000
 -0.235000 0.000000 0.000000
 -0.232500 0.000000 0.000000
 -0.230000 0.000000 0.000000
 -0.227500 0.000000 0.000000
 -0.225000 0.000000 0.000000
 -0.222500 0.000000 0.000000
 -0.220000 0.000000 0.000000
 -0.217500 0.000000 0.000000
 -0.215000 0.000000 0.000000
 -0.212500 0.000000 0.000000
 -0.210000 0.000000 0.000000
 -0.207500 0.000000 0.000000
 -0.205000 0.000000 0.000000
 -0.202500 0.000000 0.000000
 -0.200000 0.000000 0.000000
 -0.197500 0.000000 0.000000
 -0.195000 0.000000 0.000000
 -0.192500 0.000000 0.000000
 -0.190000 0.000000 0.000000
 -0.187500 0.000000 0.000000
 -0.185000 0.000000 0.000000
 -0.182500 0.000000 0.000000
 -0.180000 0.000000 0.000000
 -0.177500 0.000000 0.000000
 -0.175000 0.000000 0.000000
 -0.172500 0.000000 0.000000
 -0.170000 0.000000 0.000000
 -0.167500 0.000000 0.000000
 -0.165000 0.000000 0.000000
 -0.162500 0.000000 0.000000
 -0.160000 0.000000 0.000000
 -0.157500 0.000000 0.000000
 -0.155000 0.000000 0.000000
 -0.152500 0.000000 0.000000
 -0.150000 0.000000 0.000000
 -0.147500 0.000000 0.000000
 -0.145000 0.000000 0.000000
 -0.142500 0.000000 0.000000
 -0.140000 0.000000 0.000000
 -0.137500 0.000000 0.000000
 -0.135000 0.000000 0.000000
 -0.132500 0.000000 0.000000
 -0.130000 0.000000 0.000000
 -0.127500 0.000000 0.000000
 -0.125000 0.000000 0.000000
 -0.122500 0.000000 0.000000
 -0.120000 0.000000 0.000000
 -0.117500 0.000000 0.000000
 -0.115000 0.000000 0.000000
 -0.112500 0.000000 0.000000
 -0.110000 0.000000 0.000000
 -0.107500 0.000000 0.000000
 -0.105000 0.000000 0.000000
 -0.102500 0.000000 0.000000
 -0.100000 0.000000 0.000000
 -0.097500 0.000000 0.000000
 -0.095000 0.000000 0.000000
 -0.092500 0.000000 0.000000
 -0.090000 0.000000 0.000000
 -0.087500 0.000000 0.000000
 -0.085000 0.000000 0.000000
 -0.082500 0.000000 0.000000
 -0.080000 0.000000 0.000000
 -0.077500 0.000000 0.000000
 -0.075000 0.000000 0.000000
 -0.072500 0.000000 0.000000
 -0.070000 0.000000 0.000000
 -0.067500 0.000000 0.000000
 -0.065000 0.000000 0.000000
 -0.062500 0.000000 0.000000
 -0.060000 0.000000 0.000000
 -0.057500 0.000000 0.000000
 -0.055000 0.000000 0.000000
 -0.052500 0.000000 0.000000
 -0.050000 0.000000 0.000000
 -0.047500 0.000000 0.000000
 -0.045000 0.000000 0.000000
 -0.042500 0.000000 0.000000
 -0.040000 0.000000 0.000000
 -0.037500 0.000000 0.000000
 -0.035000 0.000000 0.000000
 -0.032500 0.000016 0.006309
 -0.030000 0.000474 0.182863
 -0.027500 0.001808 0.667924
 -0.025000 0.004949 1.728221
 -0.022500 0.012048 3.949683
 -0.020000 0.027020 8.255382
 -0.017500 0.056808 16.077901
 -0.015000 0.112441 29.289953
 -0.012500 0.210050 50.015510
 -0.010000 0.370869 80.104143
 -0.007500 0.619549 120.315888
 -0.005000 0.980422 169.449170
 -0.002500 1.471552 223.648348
 0.000000 2.097953 276.399981
 0.002500 2.845912 319.462379
 0.005000 3.680734 344.656726
 0.007500 4.549646 346.055921
 0.010000 5.389892 321.806969
 0.012500 6.139997 274.814946
 0.015000 6.751170 212.063979
 0.017500 7.195215 142.716365
 0.020000 7.467224 75.830377
 0.022500 7.582664 18.396105
 0.025000 7.570765 -25.676125
 0.027500 7.466487 -55.591405
 0.030000 7.303699 -72.882426
 0.032500 7.110578 -80.374838
 0.035000 6.907681 -81.212859
 0.037500 6.707985 -78.224870
 0.040000 6.518220 -73.583095
 0.042500 6.340491 -68.773354
 0.045000 6.174032 -64.609885
 0.047500 6.016351 -61.233137
 0.050000 5.865711 -58.772700
 0.052500 5.720455 -56.925286
 0.055000 5.579611 -55.187537
 0.057500 5.443367 -53.244765
 0.060000 5.312486 -50.920722
 0.062500 5.187870 -48.274486
 0.065000 5.070137 -45.472252
 0.067500 4.959414 -42.691371
 0.070000 4.855523 -40.064115
 0.072500 4.758011 -37.576659
 0.075000 4.666626 -35.175611
 0.077500 4.581194 -32.828843
 0.080000 4.501519 -30.589401
 0.082500 4.427134 -28.626573
 0.085000 4.357118 -27.149752
 0.087500 4.289990 -26.341841
 0.090000 4.223997 -26.251697
 0.092500 4.157460 -26.726254
 0.095000 4.089317 -27.493524
 0.097500 4.019365 -28.144905
 0.100000 3.948297 -28.343057
 0.102500 3.877550 -27.850253
 0.105000 3.808936 -26.669514
 0.107500 3.743977 -24.936777
 0.110000 3.683775 -22.937685
 0.112500 3.628604 -20.972256
 0.115000 3.577984 -19.367783
 0.117500 3.530654 -18.355240
 0.120000 3.484889 -18.155176
 0.122500 3.438585 -18.825441
 0.125000 3.389555 -20.285874
 0.127500 3.336057 -22.328428
 0.130000 3.277143 -24.576978
 0.132500 3.212808 -26.567977
 0.135000 3.144301 -27.873866
 0.137500 3.073739 -28.165720
 0.140000 3.003894 -27.324179
 0.142500 2.937514 -25.424335
 0.145000 2.876876 -22.781191
 0.147500 2.823377 -19.810960
 0.150000 2.777237 -16.972407
 0.152500 2.737601 -14.646629
 0.155000 2.702835 -13.108453
 0.157500 2.670837 -12.441657
 0.160000 2.639510 -12.560332
 0.162500 2.607118 -13.239033
 0.165000 2.572584 -14.207881
 0.167500 2.535531 -15.210289
 0.170000 2.496161 -16.053914
 0.172500 2.455033 -16.634784
 0.175000 2.412786 -16.922593
 0.177500 2.370161 -16.993616
 0.180000 2.327565 -16.897283
 0.182500 2.285328 -16.721045
 0.185000 2.243578 -16.548193
 0.187500 2.202221 -16.410314
 0.190000 2.161091 -16.353949
 0.192500 2.119960 -16.424175
 0.195000 2.078505 -16.595986
 0.197500 2.036553 -16.832077
 0.200000 1.993989 -17.043975
 0.202500 1.951013 -17.161304
 0.205000 1.907939 -17.129331
 0.207500 1.865145 -16.921048
 0.210000 1.823046 -16.613496
 0.212500 1.781756 -16.281795
 0.215000 1.741222 -16.040135
 0.217500 1.701098 -15.966321
 0.220000 1.660859 -16.098219
 0.222500 1.620045 -16.465735
 0.225000 1.578078 -16.990101
 0.227500 1.534683 -17.600670
 0.230000 1.489760 -18.195081
 0.232500 1.443501 -18.664240
 0.235000 1.396318 -18.908324
 0.237500 1.348867 -18.879912
 0.240000 1.301836 -18.574098
 0.242500 1.255870 -18.057548
 0.245000 1.211338 -17.448735
 0.247500 1.168297 -16.887279
 0.250000 1.126458 -16.496759
 0.252500 1.085338 -16.334879
 0.255000 1.044382 -16.348315
 0.257500 1.003272 -16.433003
 0.260000 0.962012 -16.450412
 0.262500 0.920926 -16.283115
 0.265000 0.880560 -15.866278
 0.267500 0.841525 -15.224871
 0.270000 0.804326 -14.432846
 0.272500 0.769206 -13.573653
 0.275000 0.736229 -12.722627
 0.277500 0.705314 -11.937105
 0.280000 0.676275 -11.223537
 0.282500 0.648944 -10.589859
 0.285000 0.623105 -10.020938
 0.287500 0.598605 -9.518787
 0.290000 0.575276 -9.091304
 0.292500 0.552932 -8.725015
 0.295000 0.531445 -8.396578
 0.297500 0.510771 -8.073062
 0.300000 0.490965 -7.703792
 0.302500 0.472177 -7.259778
 0.305000 0.454607 -6.736334
 0.307500 0.438422 -6.167917
 0.310000 0.423659 -5.599250
 0.312500 0.410253 -5.086790
 0.315000 0.398033 -4.660902
 0.317500 0.386774 -4.321821
 0.320000 0.376274 -4.039513
 0.322500 0.366438 -3.795597
 0.325000 0.357192 -3.563627
 0.327500 0.348515 -3.349441
 0.330000 0.340333 -3.176783
 0.332500 0.332488 -3.082844
 0.335000 0.324722 -3.120570
 0.337500 0.316660 -3.324400
 0.340000 0.307892 -3.696210
 0.342500 0.298014 -4.190979
 0.345000 0.286832 -4.733101
 0.347500 0.274355 -5.206171
 0.350000 0.260899 -5.494358
 0.352500 0.247042 -5.513238
 0.355000 0.233518 -5.236500
 0.357500 0.221027 -4.692228
 0.360000 0.210131 -3.980536
 0.362500 0.201109 -3.221912
 0.365000 0.193914 -2.530505
 0.367500 0.188273 -1.993657
 0.370000 0.183733 -1.650021
 0.372500 0.179810 -1.495605
 0.375000 0.176078 -1.497094
 0.377500 0.172195 -1.600982
 0.380000 0.167977 -1.762047
 0.382500 0.163327 -1.935599
 0.385000 0.158264 -2.083697
 0.387500 0.152895 -2.178013
 0.390000 0.147397 -2.193426
 0.392500 0.141971 -2.118247
 0.395000 0.136839 -1.965109
 0.397500 0.132160 -1.762768
 0.400000 0.128005 -1.551235
 0.402500 0.124348 -1.374884
 0.405000 0.121055 -1.258598
 0.407500 0.117965 -1.217947
 0.410000 0.114883 -1.239962
 0.412500 0.111681 -1.315949
 0.415000 0.108256 -1.420337
 0.417500 0.104556 -1.528450
 0.420000 0.100593 -1.632975
 0.422500 0.096383 -1.718383
 0.425000 0.091985 -1.783290
 0.427500 0.087464 -1.817426
 0.430000 0.082905 -1.814675
 0.432500 0.078417 -1.759532
 0.435000 0.074137 -1.642823
 0.437500 0.070233 -1.466411
 0.440000 0.066837 -1.234602
 0.442500 0.064066 -0.976733
 0.445000 0.061932 -0.724570
 0.447500 0.060378 -0.519622
 0.450000 0.059254 -0.386774
 0.452500 0.058362 -0.334455
 0.455000 0.057512 -0.350895
 0.457500 0.056555 -0.408316
 0.460000 0.055434 -0.482674
 0.462500 0.054137 -0.547014
 0.465000 0.052709 -0.588514
 0.467500 0.051206 -0.603304
 0.470000 0.049690 -0.602132
 0.472500 0.048190 -0.590675
 0.475000 0.046724 -0.576729
 0.477500 0.045300 -0.559265
 0.480000 0.043925 -0.534892
 0.482500 0.042628 -0.497844
 0.485000 0.041446 -0.443057
 0.487500 0.040419 -0.371014
 0.490000 0.039586 -0.293314
 0.492500 0.038939 -0.224433
 0.495000 0.038427 -0.184328
 0.497500 0.037959 -0.197650
 0.500000 0.037381 -0.271709
 0.502500 0.036542 -0.406614
 0.505000 0.035303 -0.583301
 0.507500 0.033603 -0.774642
 0.510000 0.031442 -0.942284
 0.512500 0.028924 -1.058162
 0.515000 0.026205 -1.102558
 0.517500 0.023466 -1.072668
 0.520000 0.020881 -0.983403
 0.522500 0.018573 -0.856545
 0.525000 0.016604 -0.717339
 0.527500 0.014978 -0.584261
 0.530000 0.013661 -0.470146
 0.532500 0.012601 -0.378177
 0.535000 0.011747 -0.305296
 0.537500 0.011060 -0.242696
 0.540000 0.010526 -0.181601
 0.542500 0.010150 -0.114728
 0.545000 0.009950 -0.039715
 0.547500 0.009943 0.037098
 0.550000 0.010119 0.103062
 0.552500 0.010431 0.140740
 0.555000 0.010783 0.133819
 0.557500 0.011050 0.070828
 0.560000 0.011092 -0.044211
 0.562500 0.010797 -0.193634
 0.565000 0.010118 -0.348410
 0.567500 0.009076 -0.476710
 0.570000 0.007776 -0.552924
 0.572500 0.006367 -0.562880
 0.575000 0.005015 -0.508176
 0.577500 0.003867 -0.401632
 0.580000 0.003031 -0.263156
 0.582500 0.002561 -0.113245
 0.585000 0.002459 0.030985
 0.587500 0.002696 0.155403
 0.590000 0.003211 0.250531
 0.592500 0.003920 0.310721
 0.595000 0.004732 0.332505
 0.597500 0.005549 0.315355
 0.600000 0.006278 0.263675
 0.602500 0.006840 0.184604
 0.605000 0.007182 0.088934
 0.607500 0.007279 -0.010768
 0.610000 0.007136 -0.101370
 0.612500 0.006788 -0.173391
 0.615000 0.006289 -0.221352
 0.617500 0.005702 -0.244303
 0.620000 0.005086 -0.245275
 0.622500 0.004489 -0.230021
 0.625000 0.003944 -0.205313
 0.627500 0.003465 -0.177931
 0.630000 0.003053 -0.152708
 0.632500 0.002697 -0.132911
 0.635000 0.002384 -0.118410
 0.637500 0.002101 -0.107735
 0.640000 0.001844 -0.097228
 0.642500 0.001618 -0.081477
 0.645000 0.001440 -0.058847
 0.647500 0.001331 -0.026434
 0.650000 0.001312 0.013666
 0.652500 0.001400 0.056735
 0.655000 0.001593 0.096382
 0.657500 0.001873 0.125560
 0.660000 0.002206 0.138353
 0.662500 0.002548 0.131973
 0.665000 0.002851 0.108165
 0.667500 0.003078 0.071842
 0.670000 0.003206 0.030146
 0.672500 0.003230 -0.010254
 0.675000 0.003160 -0.043901
 0.677500 0.003017 -0.068027
 0.680000 0.002826 -0.083968
 0.682500 0.002603 -0.093229
 0.685000 0.002363 -0.098311
 0.687500 0.002114 -0.100776
 0.690000 0.001862 -0.100522
 0.692500 0.001614 -0.096435
 0.695000 0.001384 -0.086733
 0.697500 0.001186 -0.070358
 0.700000 0.001038 -0.047800
 0.702500 0.000950 -0.021142
 0.705000 0.000931 0.005292
 0.707500 0.000973 0.027978
 0.710000 0.001064 0.043166
 0.712500 0.001181 0.049410
 0.715000 0.001302 0.046359
 0.717500 0.001406 0.035697
 0.720000 0.001476 0.019749
 0.722500 0.001501 0.000359
 0.725000 0.001477 -0.020054
 0.727500 0.001402 -0.039591
 0.730000 0.001281 -0.056202
 0.732500 0.001124 -0.068532
 0.735000 0.000943 -0.074881
 0.737500 0.000755 -0.074774
 0.740000 0.000574 -0.068832
 0.742500 0.000414 -0.058662
 0.745000 0.000283 -0.046401
 0.747500 0.000182 -0.034120
 0.750000 0.000111 -0.023353
 0.752500 0.000063 -0.014892
 0.755000 0.000034 -0.008659
 0.757500 0.000017 -0.004838
 0.760000 0.000008 -0.002520
 0.762500 0.000004 -0.001225
 0.765000 0.000002 -0.000556
 0.767500 0.000000 0.000000
 0.770000 0.000000 0.000000
 0.772500 0.000000 0.000000
 0.775000 0.000000 0.000000
 0.777500 0.000000 0.000000
 0.780000 0.000000 0.000000
 0.782500 0.000000 0.000000
 0.785000 0.000000 0.000000
 0.787500 0.000000 0.000000
 0.790000 0.000000 0.000000
 0.792500 0.000000 0.000000
 0.795000 0.000000 0.000000
 0.797500 0.000000 0.000000
 0.800000 0.000000 0.000000
 0.802500 0.000000 0.000000
 0.805000 0.000000 0.000000
 0.807500 0.000000 0.000000
 0.810000 0.000000 0.000000
 0.812500 0.000000 0.000000
 0.815000 0.000000 0.000000
 0.817500 0.000000 0.000000
 0.820000 0.000000 0.000000
 0.822500 0.000000 0.000000
 0.825000 0.000000 0.000000
 0.827500 0.000000 0.000000
 0.830000 0.000000 0.000000
 0.832500 0.000000 0.000000
 0.835000 0.000000 0.000000
 0.837500 0.000000 0.000000
 0.840000 0.000000 0.000000
 0.842500 0.000000 0.000000
 0.845000 0.000000 0.000000
 0.847500 0.000000 0.000000
 0.850000 0.000000 0.000000
 0.852500 0.000000 0.000000
 0.855000 0.000000 0.000000
 0.857500 0.000000 0.000000
 0.860000 0.000000 0.000000
 0.862500 0.000000 0.000000
 0.865000 0.000000 0.000000
 0.867500 0.000000 0.000000
 0.870000 0.000000 0.000000
 0.872500 0.000000 0.000000
 0.875000 0.000000 0.000000
 0.877500 0.000000 0.000000
 0.880000 0.000000 0.000000
 0.882500 0.000000 0.000000
 0.885000 0.000000 0.000000
 0.887500 0.000000 0.000000
 0.890000 0.000000 0.000000
 0.892500 0.000000 0.000000
 0.895000 0.000000 0.000000
 0.897500 0.000000 0.000000
 0.900000 0.000000 0.000000
 0.902500 0.000000 0.000000
 0.905000 0.000000 0.000000
 0.907500 0.000000 0.000000
 0.910000 0.000000 0.000000
 0.912500 0.000000 0.000000
 0.915000 0.000000 0.000000
 0.917500 0.000000 0.000000
 0.920000 0.000000 0.000000
 0.922500 0.000000 0.000000
 0.925000 0.000000 0.000000
 0.927500 0.000000 0.000000
 0.930000 0.000000 0.000000
 0.932500 0.000000 0.000000
 0.935000 0.000000 0.000000
 0.937500 0.000000 0.000000
 0.940000 0.000000 0.000000
 0.942500 0.000000 0.000000
 0.945000 0.000000 0.000000
 0.947500 0.000000 0.000000
 0.950000 0.000000 0.000000
 0.952500 0.000000 0.000000
 0.955000 0.000000 0.000000
 0.957500 0.000000 0.000000
 0.960000 0.000000 0.000000
 0.962500 0.000000 0.000000
 0.965000 0.000000 0.000000
 0.967500 0.000000 0.000000
 0.970000 0.000000 0.000000
 0.972500 0.000000 0.000000
 0.975000 0.000000 0.000000
 0.977500 0.000000 0.000000
 0.980000 0.000000 0.000000
 0.982500 0.000000 0.000000
 0.985000 0.000000 0.000000
 0.987500 0.000000 0.000000
 0.990000 0.000000 0.000000
 0.992500 0.000000 0.000000
 0.995000 0.000000 0.000000
 0.997500 0.000000 0.000000
 1.000000 0.000000 0.000000
 1.002500 0.000000 0.000000
 1.005000 0.000000 0.000000
 1.007500 0.000000 0.000000
 1.010000 0.000000 0.000000
 1.012500 0.000000 0.000000
 1.015000 0.000000 0.000000
 1.017500 0.000000 0.000000
 1.020000 0.000000 0.000000
 1.022500 0.000000 0.000000
 1.025000 0.000000 0.000000
 1.027500 0.000000 0.000000
 1.030000 0.000000 0.000000
 1.032500 0.000000 0.000000
 1.035000 0.000000 0.000000
 1.037500 0.000000 0.000000
 1.040000 0.000000 0.000000
 1.042500 0.000000 0.000000
 1.045000 0.000000 0.000000
 1.047500 0.000000 0.000000
 1.050000 0.000000 0.000000
 1.052500 0.000000 0.000000
 1.055000 0.000000 0.000000
 1.057500 0.000000 0.000000
 1.060000 0.000000 0.000000
 1.062500 0.000000 0.000000
 1.065000 0.000000 0.000000
 1.067500 0.000000 0.000000
 1.070000 0.000000 0.000000
 1.072500 0.000000 0.000000
 1.075000 0.000000 0.000000
 1.077500 0.000000 0.000000
 1.080000 0.000000 0.000000
 1.082500 0.000000 0.000000
 1.085000 0.000000 0.000000
 1.087500 0.000000 0.000000
 1.090000 0.000000 0.000000
 1.092500 0.000000 0.000000
 1.095000 0.000000 0.000000
 1.097500 0.000000 0.000000
 1.100000 0.000000 0.000000
 1.102500 0.000000 0.000000
 1.105000 0.000000 0.000000
 1.107500 0.000000 0.000000
 1.110000 0.000000 0.000000
 1.112500 0.000000 0.000000
 1.115000 0.000000 0.000000
 1.117500 0.000000 0.000000
 1.120000 0.000000 0.000000
 1.122500 0.000000 0.000000
 1.125000 0.000000 0.000000
 1.127500 0.000000 0.000000
 1.130000 0.000000 0.000000
 1.132500 0.000000 0.000000
 1.135000 0.000000 0.000000
 1.137500 0.000000 0.000000
 1.140000 0.000000 0.000000
 1.142500 0.000000 0.000000
 1.145000 0.000000 0.000000
 1.147500 0.000000 0.000000
 1.150000 0.000000 0.000000
 1.152500 0.000000 0.000000
 1.155000 0.000000 0.000000
 1.157500 0.000000 0.000000
 1.160000 0.000000 0.000000
 1.162500 0.000000 0.000000
 1.165000 0.000000 0.000000
 1.167500 0.000000 0.000000
 1.170000 0.000000 0.000000
 1.172500 0.000000 0.000000
 1.175000 0.000000 0.000000
 1.177500 0.000000 0.000000
 1.180000 0.000000 0.000000
 1.182500 0.000000 0.000000
 1.185000 0.000000 0.000000
 1.187500 0.000000 0.000000
 1.190000 0.000000 0.000000
 1.192500 0.000000 0.000000
 1.195000 0.000000 0.000000
 1.197500 0.000000 0.000000
 1.200000 0.000000 0.000000
 1.202500 0.000000 0.000000
 1.205000 0.000000 0.000000
 1.207500 0.000000 0.000000
 1.210000 0.000000 0.000000
 1.212500 0.000000 0.000000
 1.215000 0.000000 0.000000
 1.217500 0.000000 0.000000
 1.220000 0.000000 0.000000
 1.222500 0.000000 0.000000
 1.225000 0.000000 0.000000
 1.227500 0.000000 0.000000
 1.230000 0.000000 0.000000
 1.232500 0.000000 0.000000
 1.235000 0.000000 0.000000
 1.237500 0.000000 0.000000
 1.240000 0.000000 0.000000
 1.242500 0.000000 0.000000
 1.245000 0.000000 0.000000
 1.247500 0.000000 0.000000
 1.250000 0.000000 0.000000
 1.252500 0.000000 0.000000
 1.255000 0.000000 0.000000
 1.257500 0.000000 0.000000
 1.260000 0.000000 0.000000
 1.262500 0.000000 0.000000
 1.265000 0.000000 0.000000
 1.267500 0.000000 0.000000
 1.270000 0.000000 0.000000
 1.272500 0.000000 0.000000
 1.275000 0.000000 0.000000
 1.277500 0.000000 0.000000
 1.280000 0.000000 0.000000
 1.282500 0.000000 0.000000
 1.285000 0.000000 0.000000
 1.287500 0.000000 0.000000
 1.290000 0.000000 0.000000
 1.292500 0.000000 0.000000
 1.295000 0.000000 0.000000
 1.297500 0.000000 0.000000
 1.300000 0.000000 0.000000
 1.302500 0.000000 0.000000
 1.305000 0.000000 0.000000
 1.307500 0.000000 0.000000
 1.310000 0.000000 0.000000
 1.312500 0.000000 0.000000
 1.315000 0.000000 0.000000
 1.317500 0.000000 0.000000
 1.320000 0.000000 0.000000
 1.322500 0.000000 0.000000
 1.325000 0.000000 0.000000
 1.327500 0.000000 0.000000
 1.330000 0.000000 0.000000
 1.332500 0.000000 0.000000
 1.335000 0.000000 0.000000
 1.337500 0.000000 0.000000
 1.340000 0.000000 0.000000
 1.342500 0.000000 0.000000
 1.345000 0.000000 0.000000
 1.347500 0.000000 0.000000
 1.350000 0.000000 0.000000
 1.352500 0.000000 0.000000
 1.355000 0.000000 0.000000
 1.357500 0.000000 0.000000
 1.360000 0.000000 0.000000
 1.362500 0.000000 0.000000
 1.365000 0.000000 0.000000
 1.367500 0.000000 0.000000
 1.370000 0.000000 0.000000
 1.372500 0.000000 0.000000
 1.375000 0.000000 0.000000
 1.377500 0.000000 0.000000
 1.380000 0.000000 0.000000
 1.382500 0.000000 0.000000
 1.385000 0.000000 0.000000
 1.387500 0.000000 0.000000
 1.390000 0.000000 0.000000
 1.392500 0.000000 0.000000
 1.395000 0.000000 0.000000
 1.397500 0.000000 0.000000
 1.400000 0.000000 0.000000
 1.402500 0.000000 0.000000
 1.405000 0.000000 0.000000
 1.407500 0.000000 0.000000
 1.410000 0.000000 0.000000
 1.412500 0.000000 0.000000
 1.415000 0.000000 0.000000
 1.417500 0.000000 0.000000
 1.420000 0.000000 0.000000
 1.422500 0.000000 0.000000
 1.425000 0.000000 0.000000
 1.427500 0.000000 0.000000
 1.430000 0.000000 0.000000
 1.432500 0.000000 0.000000
 1.435000 0.000000 0.000000
 1.437500 0.000000 0.000000
 1.440000 0.000000 0.000000
 1.442500 0.000000 0.000000
 1.445000 0.000000 0.000000
 1.447500 0.000000 0.000000
 1.450000 0.000000 0.000000
 1.452500 0.000000 0.000000
 1.455000 0.000000 0.000000
 1.457500 0.000000 0.000000
 1.460000 0.000000 0.000000
 1.462500 0.000000 0.000000
 1.465000 0.000000 0.000000
 1.467500 0.000000 0.000000
 1.470000 0.000000 0.000000
 1.472500 0.000000 0.000000
 1.475000 0.000000 0.000000
 1.477500 0.000000 0.000000
 1.480000 0.000000 0.000000
 1.482500 0.000000 0.000000
 1.485000 0.000000 0.000000
 1.487500 0.000000 0.000000
 1.490000 0.000000 0.000000
 1.492500 0.000000 0.000000
 1.495000 0.000000 0.000000
 1.497500 0.000000 0.000000
 1.500000 0.000000 0.000000
 1.502500 0.000000 0.000000
 1.505000 0.000000 0.000000
 1.507500 0.000000 0.000000
 1.510000 0.000000 0.000000
 1.512500 0.000000 0.000000
 1.515000 0.000000 0.000000
 1.517500 0.000000 0.000000
 1.520000 0.000000 0.000000
 1.522500 0.000000 0.000000
 1.525000 0.000000 0.000000
 1.527500 0.000000 0.000000
 1.530000 0.000000 0.000000
 1.532500 0.000000 0.000000
 1.535000 0.000000 0.000000
 1.537500 0.000000 0.000000
 1.540000 0.000000 0.000000
 1.542500 0.000000 0.000000
 1.545000 0.000000 0.000000
 1.547500 0.000000 0.000000
 1.550000 0.000000 0.000000
 1.552500 0.000000 0.000000
 1.555000 0.000000 0.000000
 1.557500 0.000000 0.000000
 1.560000 0.000000 0.000000
 1.562500 0.000000 0.000000
 1.565000 0.000000 0.000000
 1.567500 0.000000 0.000000
 1.570000 0.000000 0.000000
 1.572500 0.000000 0.000000
 1.575000 0.000000 0.000000
 1.577500 0.000000 0.000000
 1.580000 0.000000 0.000000
 1.582500 0.000000 0.000000
 1.585000 0.000000 0.000000
 1.587500 0.000000 0.000000
 1.590000 0.000000 0.000000
 1.592500 0.000000 0.000000
 1.595000 0.000000 0.000000
 1.597500 0.000000 0.000000
 1.600000 0.000000 0.000000
 1.602500 0.000000 0.000000
 1.605000 0.000000 0.000000
 1.607500 0.000000 0.000000
 1.610000 0.000000 0.000000
 1.612500 0.000000 0.000000
 1.615000 0.000000 0.000000
 1.617500 0.000000 0.000000
 1.620000 0.000000 0.000000
 1.622500 0.000000 0.000000
 1.625000 0.000000 0.000000
 1.627500 0.000000 0.000000
 1.630000 0.000000 0.000000
 1.632500 0.000000 0.000000
 1.635000 0.000000 0.000000
 1.637500 0.000000 0.000000
 1.640000 0.000000 0.000000
 1.642500 0.000000 0.000000
 1.645000 0.000000 0.000000
 1.647500 0.000000 0.000000
 1.650000 0.000000 0.000000
 1.652500 0.000000 0.000000
 1.655000 0.000000 0.000000
 1.657500 0.000000 0.000000
 1.660000 0.000000 0.000000
 1.662500 0.000000 0.000000
 1.665000 0.000000 0.000000
 1.667500 0.000000 0.000000
 1.670000 0.000000 0.000000
 1.672500 0.000000 0.000000
 1.675000 0.000000 0.000000
 1.677500 0.000000 0.000000
 1.680000 0.000000 0.000000
 1.682500 0.000000 0.000000
 1.685000 0.000000 0.000000
 1.687500 0.000000 0.000000
 1.690000 0.000000 0.000000
 1.692500 0.000000 0.000000
 1.695000 0.000000 0.000000
 1.697500 0.000000 0.000000
 1.700000 0.000000 0.000000
 1.702500 0.000000 0.000000
 1.705000 0.000000 0.000000
 1.707500 0.000000 0.000000
 1.710000 0.000000 0.000000
 1.712500 0.000000 0.000000
 1.715000 0.000000 0.000000
 1.717500 0.000000 0.000000
 1.720000 0.000000 0.000000
 1.722500 0.000000 0.000000
 1.725000 0.000000 0.000000
 1.727500 0.000000 0.000000
 1.730000 0.000000 0.000000
 1.732500 0.000000 0.000000
 1.735000 0.000000 0.000000
 1.737500 0.000000 0.000000
 1.740000 0.000000 0.000000
 1.742500 0.000000 0.000000
 1.745000 0.000000 0.000000
 1.747500 0.000000 0.000000
 1.750000 0.000000 0.000000
 1.752500 0.000000 0.000000
 1.755000 0.000000 0.000000
 1.757500 0.000000 0.000000
 1.760000 0.000000 0.000000
 1.762500 0.000000 0.000000
 1.765000 0.000000 0.000000
 1.767500 0.000000 0.000000
 1.770000 0.000000 0.000000
 1.772500 0.000000 0.000000
 1.775000 0.000000 0.000000
 1.777500 0.000000 0.000000
 1.780000 0.000000 0.000000
 1.782500 0.000000 0.000000
 1.785000 0.000000 0.000000
 1.787500 0.000000 0.000000
 1.790000 0.000000 0.000000
 1.792500 0.000000 0.000000
 1.795000 0.000000 0.000000
 1.797500 0.000000 0.000000
 1.800000 0.000000 0.000000
 1.802500 0.000000 0.000000
 1.805000 0.000000 0.000000
 1.807500 0.000000 0.000000
 1.810000 0.000000 0.000000
 1.812500 0.000000 0.000000
 1.815000 0.000000 0.000000
 1.817500 0.000000 0.000000
 1.820000 0.000000 0.000000
 1.822500 0.000000 0.000000
 1.825000 0.000000 0.000000
 1.827500 0.000000 0.000000
 1.830000 0.000000 0.000000
 1.832500 0.000000 0.000000
 1.835000 0.000000 0.000000
 1.837500 0.000000 0.000000
 1.840000 0.000000 0.000000
 1.842500 0.000000 0.000000
 1.845000 0.000000 0.000000
 1.847500 0.000000 0.000000
 1.850000 0.000000 0.000000
 1.852500 0.000000 0.000000
 1.855000 0.000000 0.000000
 1.857500 0.000000 0.000000
 1.860000 0.000000 0.000000
 1.862500 0.000000 0.000000
 1.865000 0.000000 0.000000
 1.867500 0.000000 0.000000
 1.870000 0.000000 0.000000
 1.872500 0.000000 0.000000
 1.875000 0.000000 0.000000
 1.877500 0.000000 0.000000
 1.880000 0.000000 0.000000
 1.882500 0.000000 0.000000
 1.885000 0.000000 0.000000
 1.887500 0.000000 0.000000
 1.890000 0.000000 0.000000
 1.892500 0.000000 0.000000
 1.895000 0.000000 0.000000
 1.897500 0.000000 0.000000
 1.900000 0.000000 0.000000
 1.902500 0.000000 0.000000
 1.905000 0.000000 0.000000
 1.907500 0.000000 0.000000
 1.910000 0.000000 0.000000
 1.912500 0.000000 0.000000
 1.915000 0.000000 0.000000
 1.917500 0.000000 0.000000
 1.920000 0.000000 0.000000
 1.922500 0.000000 0.000000
 1.925000 0.000000 0.000000
 1.927500 0.000000 0.000000
 1.930000 0.000000 0.000000
 1.932500 0.000000 0.000000
 1.935000 0.000000 0.000000
 1.937500 0.000000 0.000000
 1.940000 0.000000 0.000000
 1.942500 0.000000 0.000000
 1.945000 0.000000 0.000000
 1.947500 0.000000 0.000000
 1.950000 0.000000 0.000000
 1.952500 0.000000 0.000000
 1.955000 0.000000 0.000000
 1.957500 0.000000 0.000000
 1.960000 0.000000 0.000000
 1.962500 0.000000 0.000000
 1.965000 0.000000 0.000000
 1.967500 0.000000 0.000000
 1.970000 0.000000 0.000000
 1.972500 0.000000 0.000000
 1.975000 0.000000 0.000000
 1.977500 0.000000 0.000000
 1.980000 0.000000 0.000000
 1.982500 0.000000 0.000000
 1.985000 0.000000 0.000000
 1.987500 0.000000 0.000000
 1.990000 0.000000 0.000000
 1.992500 0.000000 0.000000
 1.995000 0.000000 0.000000
 1.997500 0.000000 0.000000
 2.000000 0.000000 0.000000
