#! FIELDS es hh dhh_es
#! SET normalisation  200.000000
#! SET min_es -0.5
#! SET max_es 2
#! SET nbins_es  1000
#! SET periodic_es false
 -0.500000 0.000000 0.000000
 -0.497500 0.000000 0.000000
 -0.495000 0.000000 0.000000
 -0.492500 0.000000 0.000000
 -0.490000 0.000000 0.000000
 -0.487500 0.000000 0.000000
 -0.485000 0.000000 0.000000
 -0.482500 0.000000 0.000000
 -0.480000 0.000000 0.000000
 -0.477500 0.000000 0.000000
 -0.475000 0.000000 0.000000
 -0.472500 0.000000 0.000000
 -0.470000 0.000000 0.000000
 -0.467500 0.000000 0.000000
 -0.465000 0.000000 0.000000
 -0.462500 0.000000 0.000000
 -0.460000 0.000000 0.000000
 -0.457500 0.000000 0.000000
 -0.455000 0.000000 0.000000
 -0.452500 0.000000 0.000000
 -0.450000 0.000000 0.000000
 -0.447500 0.000000 0.000000
 -0.445000 0.000000 0.000000
 -0.442500 0.000000 0.000000
 -0.440000 0.000000 0.000000
 -0.437500 0.000000 0.000000
 -0.435000 0.000000 0.000000
 -0.432500 0.000000 0.000000
 -0.430000 0.000000 0.000000
 -0.427500 0.000000 0.000000
 -0.425000 0.000000 0.000000
 -0.422500 0.000000 0.000000
 -0.420000 0.000000 0.000000
 -0.417500 0.000000 0.000000
 -0.415000 0.000000 0.000000
 -0.412500 0.000000 0.000000
 -0.410000 0.000000 0.000000
 -0.407500 0.000000 0.000000
 -0.405000 0.000000 0.000000
 -0.402500 0.000000 0.000000
 -0.400000 0.000000 0.000000
 -0.397500 0.000000 0.000000
 -0.395000 0.000000 0.000000
 -0.392500 0.000000 0.000000
 -0.390000 0.000000 0.000000
 -0.387500 0.000000 0.000000
 -0.385000 0.000000 0.000000
 -0.382500 0.000000 0.000000
 -0.380000 0.000000 0.000000
 -0.377500 0.000000 0.000000
 -0.375000 0.000000 0.000000
 -0.372500 0.000000 0.000000
 -0.370000 0.000000 0.000000
 -0.367500 0.000000 0.000000
 -0.365000 0.000000 0.000000
 -0.362500 0.000000 0.000000
 -0.360000 0.000000 0.000000
 -0.357500 0.000000 0.000000
 -0.355000 0.000000 0.000000
 -0.352500 0.000000 0.000000
 -0.350000 0.000000 0.000000
 -0.347500 0.000000 0.000000
 -0.345000 0.000000 0.000000
 -0.342500 0.000000 0.000000
 -0.340000 0.000000 0.000000
 -0.337500 0.000000 0.000000
 -0.335000 0.000000 0.000000
 -0.332500 0.000000 0.000000
 -0.330000 0.000000 0.000000
 -0.327500 0.000000 0.000000
 -0.325000 0.000000 0.000000
 -0.322500 0.000000 0.000000
 -0.320000 0.000000 0.000000
 -0.317500 0.000000 0.000000
 -0.315000 0.000000 0.000000
 -0.312500 0.000000 0.000000
 -0.310000 0.000000 0.000000
 -0.307500 0.000000 0.000000
 -0.305000 0.000000 0.000000
 -0.302500 0.000000 0.000000
 -0.300000 0.000000 0.000000
 -0.297500 0.000000 0.000000
 -0.295000 0.000000 0.000000
 -0.292500 0.000000 0.000000
 -0.290000 0.000000 0.000000
 -0.287500 0.000000 0.000000
 -0.285000 0.000000 0.000000
 -0.282500 0.000000 0.000000
 -0.280000 0.000000 0.000000
 -0.277500 0.000000 0.000000
 -0.275000 0.000000 0.000000
 -0.272500 0.000000 0.000000
 -0.270000 0.000000 0.000000
 -0.267500 0.000000 0.000000
 -0.265000 0.000000 0.000000
 -0.262500 0.000000 0.000000
 -0.260000 0.000000 0.000000
 -0.257500 0.000000 0.000000
 -0.255000 0.000000 0.000000
 -0.252500 0.000000 0.000000
 -0.250000 0.000000 0.000000
 -0.247500 0.000000 0.000000
 -0.245000 0.000000 0.000000
 -0.242500 0.000000 0.000000
 -0.240000 0.000000 0.000000
 -0.237500 0.000000 0.000000
 -0.235000 0.000000 0.000000
 -0.232500 0.000000 0.000000
 -0.230000 0.000000 0.000000
 -0.227500 0.000000 0.000000
 -0.225000 0.000000 0.000000
 -0.222500 0.000000 0.000000
 -0.220000 0.000000 0.000000
 -0.217500 0.000000 0.000000
 -0.215000 0.000000 0.000000
 -0.212500 0.000000 0.000000
 -0.210000 0.000000 0.000000
 -0.207500 0.000000 0.000000
 -0.205000 0.000000 0.000000
 -0.202500 0.000000 0.000000
 -0.200000 0.000000 0.000000
 -0.197500 0.000000 0.000000
 -0.195000 0.000000 0.000000
 -0.192500 0.000000 0.000000
 -0.190000 0.000000 0.000000
 -0.187500 0.000000 0.000000
 -0.185000 0.000000 0.000000
 -0.182500 0.000000 0.000000
 -0.180000 0.000000 0.000000
 -0.177500 0.000000 0.000000
 -0.175000 0.000000 0.000000
 -0.172500 0.000000 0.000000
 -0.170000 0.000000 0.000000
 -0.167500 0.000000 0.000000
 -0.165000 0.000000 0.000000
 -0.162500 0.000000 0.000000
 -0.160000 0.000000 0.000000
 -0.157500 0.000000 0.000000
 -0.155000 0.000000 0.000000
 -0.152500 0.000000 0.000000
 -0.150000 0.000000 0.000000
 -0.147500 0.000000 0.000000
 -0.145000 0.000000 0.000000
 -0.142500 0.000000 0.000000
 -0.140000 0.000000 0.000000
 -0.137500 0.000000 0.000000
 -0.135000 0.000000 0.000000
 -0.132500 0.000000 0.000000
 -0.130000 0.000000 0.000000
 -0.127500 0.000000 0.000000
 -0.125000 0.000000 0.000000
 -0.122500 0.000000 0.000000
 -0.120000 0.000000 0.000000
 -0.117500 0.000000 0.000000
 -0.115000 0.000000 0.000000
 -0.112500 0.000000 0.000000
 -0.110000 0.000000 0.000000
 -0.107500 0.000000 0.000000
 -0.105000 0.000000 0.000000
 -0.102500 0.000000 0.000000
 -0.100000 0.000000 0.000000
 -0.097500 0.000000 0.000000
 -0.095000 0.000000 0.000000
 -0.092500 0.000000 0.000000
 -0.090000 0.000000 0.000000
 -0.087500 0.000000 0.000000
 -0.085000 0.000000 0.000000
 -0.082500 0.000000 0.000000
 -0.080000 0.000000 0.000000
 -0.077500 0.000000 0.000000
 -0.075000 0.000000 0.000000
 -0.072500 0.000000 0.000000
 -0.070000 0.000000 0.000000
 -0.067500 0.000000 0.000000
 -0.065000 0.000000 0.000000
 -0.062500 0.000000 0.000000
 -0.060000 0.000000 0.000000
 -0.057500 0.000000 0.000000
 -0.055000 0.000000 0.000000
 -0.052500 0.000000 0.000000
 -0.050000 0.000000 0.000000
 -0.047500 0.000000 0.000000
 -0.045000 0.000000 0.000000
 -0.042500 0.000000 0.000000
 -0.040000 0.000000 0.000000
 -0.037500 0.000000 0.000000
 -0.035000 0.000000 0.000000
 -0.032500 0.000000 0.000000
 -0.030000 0.000000 0.000000
 -0.027500 0.000000 0.000000
 -0.025000 0.000000 0.000000
 -0.022500 0.000000 0.000000
 -0.020000 0.000000 0.000000
 -0.017500 0.000000 0.000000
 -0.015000 0.000000 0.000000
 -0.012500 0.000000 0.000000
 -0.010000 0.000000 0.000000
 -0.007500 0.000000 0.000000
 -0.005000 0.000000 0.000000
 -0.002500 0.000000 0.000000
 0.000000 0.000000 0.000000
 0.002500 0.000000 0.000000
 0.005000 0.000000 0.000000
 0.007500 0.000000 0.000000
 0.010000 0.000000 0.000000
 0.012500 0.000000 0.000000
 0.015000 0.000000 0.000000
 0.017500 0.000000 0.000000
 0.020000 0.000000 0.000000
 0.022500 0.000000 0.000000
 0.025000 0.000000 0.000000
 0.027500 0.000000 0.000000
 0.030000 0.000000 0.000000
 0.032500 0.000000 0.000000
 0.035000 0.000000 0.000000
 0.037500 0.000000 0.000000
 0.040000 0.000000 0.000000
 0.042500 0.000000 0.000000
 0.045000 0.000000 0.000000
 0.047500 0.000000 0.000000
 0.050000 0.000000 0.000000
 0.052500 0.000000 0.000000
 0.055000 0.000000 0.000000
 0.057500 0.000000 0.000000
 0.060000 0.000000 0.000000
 0.062500 0.000000 0.000000
 0.065000 0.000000 0.000000
 0.067500 0.000000 0.000000
 0.070000 0.000000 0.000000
 0.072500 0.000000 0.000000
 0.075000 0.000000 0.000000
 0.077500 0.000000 0.000000
 0.080000 0.000000 0.000000
 0.082500 0.000000 0.000000
 0.085000 0.000000 0.000000
 0.087500 0.000000 0.000000
 0.090000 0.000000 0.000000
 0.092500 0.000000 0.000000
 0.095000 0.000000 0.000000
 0.097500 0.000000 0.000000
 0.100000 0.000000 0.000000
 0.102500 0.000000 0.000000
 0.105000 0.000000 0.000000
 0.107500 0.000000 0.000000
 0.110000 0.000000 0.000000
 0.112500 0.000000 0.000000
 0.115000 0.000000 0.000000
 0.117500 0.000000 0.000000
 0.120000 0.000000 0.000000
 0.122500 0.000000 0.000000
 0.125000 0.000000 0.000000
 0.127500 0.000000 0.000000
 0.130000 0.000000 0.000000
 0.132500 0.000000 0.000000
 0.135000 0.000000 0.000000
 0.137500 0.000000 0.000000
 0.140000 0.000000 0.000000
 0.142500 0.000000 0.000000
 0.145000 0.000000 0.000000
 0.147500 0.000000 0.000000
 0.150000 0.000000 0.000000
 0.152500 0.000000 0.000000
 0.155000 0.000000 0.000000
 0.157500 0.000000 0.000000
 0.160000 0.000000 0.000000
 0.162500 0.000000 0.000000
 0.165000 0.000000 0.000000
 0.167500 0.000000 0.000000
 0.170000 0.000000 0.000000
 0.172500 0.000000 0.000000
 0.175000 0.000000 0.000000
 0.177500 0.000000 0.000000
 0.180000 0.000000 0.000000
 0.182500 0.000000 0.000000
 0.185000 0.000000 0.000184
 0.187500 0.000001 0.000441
 0.190000 0.000003 0.001128
 0.192500 0.000008 0.002415
 0.195000 0.000017 0.005141
 0.197500 0.000036 0.010069
 0.200000 0.000070 0.018197
 0.202500 0.000131 0.031108
 0.205000 0.000232 0.050274
 0.207500 0.000391 0.077212
 0.210000 0.000626 0.111720
 0.212500 0.000956 0.153542
 0.215000 0.001400 0.201234
 0.217500 0.001966 0.251699
 0.220000 0.002659 0.301843
 0.222500 0.003475 0.349157
 0.225000 0.004405 0.392390
 0.227500 0.005436 0.430721
 0.230000 0.006559 0.465961
 0.232500 0.007768 0.500683
 0.235000 0.009070 0.539037
 0.237500 0.010473 0.583643
 0.240000 0.012001 0.639265
 0.242500 0.013689 0.711366
 0.245000 0.015583 0.805811
 0.247500 0.017745 0.927396
 0.250000 0.020250 1.080008
 0.252500 0.023176 1.261893
 0.255000 0.026585 1.464083
 0.257500 0.030508 1.670686
 0.260000 0.034932 1.861738
 0.262500 0.039804 2.022078
 0.265000 0.045015 2.134659
 0.267500 0.050446 2.198872
 0.270000 0.055988 2.224443
 0.272500 0.061576 2.238671
 0.275000 0.067218 2.274161
 0.277500 0.073014 2.370128
 0.280000 0.079173 2.566295
 0.282500 0.085973 2.884677
 0.285000 0.093729 3.333016
 0.287500 0.102764 3.898813
 0.290000 0.113339 4.558701
 0.292500 0.125645 5.282040
 0.295000 0.139813 6.043929
 0.297500 0.155922 6.830986
 0.300000 0.174025 7.640421
 0.302500 0.194185 8.477550
 0.305000 0.216475 9.344983
 0.307500 0.240976 10.244160
 0.310000 0.267753 11.159949
 0.312500 0.296808 12.057241
 0.315000 0.328026 12.879577
 0.317500 0.361146 13.565470
 0.320000 0.395756 14.063651
 0.322500 0.431345 14.351846
 0.325000 0.467413 14.455471
 0.327500 0.503602 14.462468
 0.330000 0.539803 14.487457
 0.332500 0.576213 14.647022
 0.335000 0.613285 15.023673
 0.337500 0.651616 15.642171
 0.340000 0.691747 16.459825
 0.342500 0.734053 17.357707
 0.345000 0.778588 18.218615
 0.347500 0.825112 18.937783
 0.350000 0.873184 19.464045
 0.352500 0.922377 19.847091
 0.355000 0.972459 20.203224
 0.357500 1.023597 20.712627
 0.360000 1.076348 21.510534
 0.362500 1.131508 22.649616
 0.365000 1.189891 24.056139
 0.367500 1.251906 25.528829
 0.370000 1.317410 26.796666
 0.372500 1.385604 27.633830
 0.375000 1.455207 27.928015
 0.377500 1.524904 27.736938
 0.380000 1.593740 27.288055
 0.382500 1.661451 26.890586
 0.385000 1.728580 26.862660
 0.387500 1.796294 27.387659
 0.390000 1.866036 28.482287
 0.392500 1.939086 29.977429
 0.395000 2.016061 31.593196
 0.397500 2.096912 33.025539
 0.400000 2.180846 34.023876
 0.402500 2.266608 34.457538
 0.405000 2.352690 34.298993
 0.407500 2.437679 33.607979
 0.410000 2.520404 32.505976
 0.412500 2.599988 31.135386
 0.415000 2.675979 29.676921
 0.417500 2.748390 28.298246
 0.420000 2.817632 27.160351
 0.422500 2.884441 26.361240
 0.425000 2.949698 25.932413
 0.427500 3.014285 25.790205
 0.430000 3.078733 25.808141
 0.432500 3.143251 25.812226
 0.435000 3.207606 25.689149
 0.437500 3.271392 25.351560
 0.440000 3.334060 24.810307
 0.442500 3.395190 24.131254
 0.445000 3.454486 23.347812
 0.447500 3.511669 22.425232
 0.450000 3.566282 21.294860
 0.452500 3.617674 19.838650
 0.455000 3.664955 18.015417
 0.457500 3.707274 15.908238
 0.460000 3.744234 13.757023
 0.462500 3.776090 11.911247
 0.465000 3.804093 10.695861
 0.467500 3.830015 10.285543
 0.470000 3.855863 10.615566
 0.472500 3.883171 11.373727
 0.475000 3.912495 12.168787
 0.477500 3.943361 12.563807
 0.480000 3.974431 12.321390
 0.482500 4.004045 11.388561
 0.485000 4.030628 9.948708
 0.487500 4.053251 8.285354
 0.490000 4.071734 6.663331
 0.492500 4.086402 5.265744
 0.495000 4.097923 4.174426
 0.497500 4.107038 3.347733
 0.500000 4.114351 2.695804
 0.502500 4.120162 2.127894
 0.505000 4.124572 1.558158
 0.507500 4.127429 0.871194
 0.510000 4.128319 -0.046690
 0.512500 4.126486 -1.330398
 0.515000 4.120816 -3.100638
 0.517500 4.110096 -5.381421
 0.520000 4.093107 -8.052276
 0.522500 4.069208 -10.841349
 0.525000 4.038584 -13.388874
 0.527500 4.002271 -15.337185
 0.530000 3.962062 -16.492322
 0.532500 3.919935 -16.894180
 0.535000 3.877476 -16.815574
 0.537500 3.835395 -16.661172
 0.540000 3.793395 -16.831505
 0.542500 3.750226 -17.567816
 0.545000 3.704437 -18.939527
 0.547500 3.654577 -20.780422
 0.550000 3.599851 -22.799467
 0.552500 3.540178 -24.645446
 0.555000 3.476429 -26.048851
 0.557500 3.409938 -26.796380
 0.560000 3.342477 -26.816410
 0.562500 3.275834 -26.176221
 0.565000 3.211477 -25.006312
 0.567500 3.150482 -23.511033
 0.570000 3.093445 -21.910283
 0.572500 3.040386 -20.363907
 0.575000 2.990972 -19.005835
 0.577500 2.944607 -17.918170
 0.580000 2.900555 -17.167502
 0.582500 2.857914 -16.786331
 0.585000 2.815752 -16.805544
 0.587500 2.773069 -17.197443
 0.590000 2.728966 -17.921882
 0.592500 2.682743 -18.894724
 0.595000 2.633932 -19.945172
 0.597500 2.582565 -20.927596
 0.600000 2.529050 -21.670289
 0.602500 2.474096 -22.052436
 0.605000 2.418677 -22.046775
 0.607500 2.363711 -21.695639
 0.610000 2.309961 -21.099675
 0.612500 2.257866 -20.402007
 0.615000 2.207547 -19.698763
 0.617500 2.158888 -19.066413
 0.620000 2.111699 -18.539930
 0.622500 2.065690 -18.118123
 0.625000 2.020568 -17.848260
 0.627500 1.975874 -17.762925
 0.630000 1.931102 -17.941551
 0.632500 1.885525 -18.406978
 0.635000 1.838451 -19.145040
 0.637500 1.789290 -20.028122
 0.640000 1.737931 -20.890026
 0.642500 1.684668 -21.517826
 0.645000 1.630320 -21.744270
 0.647500 1.576027 -21.475154
 0.650000 1.522991 -20.747318
 0.652500 1.472238 -19.688311
 0.655000 1.424359 -18.478426
 0.657500 1.379481 -17.309213
 0.660000 1.337342 -16.307175
 0.662500 1.297468 -15.515557
 0.665000 1.259355 -14.870835
 0.667500 1.222757 -14.293787
 0.670000 1.187636 -13.676480
 0.672500 1.154161 -12.964312
 0.675000 1.122586 -12.178906
 0.677500 1.092984 -11.385169
 0.680000 1.065269 -10.707611
 0.682500 1.039007 -10.242128
 0.685000 1.013589 -10.054499
 0.687500 0.988269 -10.153096
 0.690000 0.962357 -10.523267
 0.692500 0.935258 -11.091574
 0.695000 0.906592 -11.778742
 0.697500 0.876173 -12.475031
 0.700000 0.844096 -13.071167
 0.702500 0.810750 -13.478164
 0.705000 0.776727 -13.612596
 0.707500 0.742772 -13.422959
 0.710000 0.709687 -12.922201
 0.712500 0.678195 -12.178005
 0.715000 0.648766 -11.293215
 0.717500 0.621582 -10.391315
 0.720000 0.596544 -9.593736
 0.722500 0.573308 -8.972467
 0.725000 0.551376 -8.534465
 0.727500 0.530336 -8.263573
 0.730000 0.509829 -8.091354
 0.732500 0.489694 -7.952838
 0.735000 0.469940 -7.791819
 0.737500 0.450667 -7.560613
 0.740000 0.432070 -7.246619
 0.742500 0.414354 -6.855586
 0.745000 0.397697 -6.415497
 0.747500 0.382185 -5.950862
 0.750000 0.367837 -5.496233
 0.752500 0.354580 -5.073821
 0.755000 0.342313 -4.713216
 0.757500 0.330863 -4.418924
 0.760000 0.320070 -4.194094
 0.762500 0.309759 -4.025804
 0.765000 0.299798 -3.908196
 0.767500 0.290089 -3.838720
 0.770000 0.280499 -3.802404
 0.772500 0.270961 -3.802365
 0.775000 0.261396 -3.828765
 0.777500 0.251735 -3.870917
 0.780000 0.241960 -3.922665
 0.782500 0.232062 -3.972106
 0.785000 0.222046 -4.014132
 0.787500 0.211931 -4.050781
 0.790000 0.201735 -4.084801
 0.792500 0.191455 -4.115681
 0.795000 0.181104 -4.136787
 0.797500 0.170732 -4.136383
 0.800000 0.160414 -4.089373
 0.802500 0.150290 -3.979812
 0.805000 0.140528 -3.799691
 0.807500 0.131293 -3.557599
 0.810000 0.122724 -3.277103
 0.812500 0.114884 -2.979840
 0.815000 0.107778 -2.690360
 0.817500 0.101371 -2.421328
 0.820000 0.095607 -2.177977
 0.822500 0.090423 -1.956239
 0.825000 0.085774 -1.754214
 0.827500 0.081607 -1.570709
 0.830000 0.077867 -1.408785
 0.832500 0.074501 -1.276429
 0.835000 0.071431 -1.174889
 0.837500 0.068575 -1.102614
 0.840000 0.065863 -1.060943
 0.842500 0.063226 -1.047817
 0.845000 0.060583 -1.060311
 0.847500 0.057880 -1.101117
 0.850000 0.055048 -1.162144
 0.852500 0.052045 -1.231208
 0.855000 0.048876 -1.294854
 0.857500 0.045582 -1.326854
 0.860000 0.042270 -1.305632
 0.862500 0.039093 -1.219066
 0.865000 0.036219 -1.067788
 0.867500 0.033788 -0.866425
 0.870000 0.031886 -0.648492
 0.872500 0.030513 -0.452643
 0.875000 0.029568 -0.309126
 0.877500 0.028895 -0.238705
 0.880000 0.028303 -0.243120
 0.882500 0.027620 -0.308531
 0.885000 0.026719 -0.412637
 0.887500 0.025539 -0.530026
 0.890000 0.024071 -0.636806
 0.892500 0.022367 -0.717188
 0.895000 0.020508 -0.759476
 0.897500 0.018598 -0.758025
 0.900000 0.016747 -0.713469
 0.902500 0.015054 -0.630614
 0.905000 0.013606 -0.523260
 0.907500 0.012445 -0.405403
 0.910000 0.011574 -0.292723
 0.912500 0.010963 -0.199777
 0.915000 0.010548 -0.134869
 0.917500 0.010254 -0.103406
 0.920000 0.009999 -0.101730
 0.922500 0.009719 -0.125570
 0.925000 0.009357 -0.163644
 0.927500 0.008893 -0.205683
 0.930000 0.008332 -0.238922
 0.932500 0.007710 -0.254188
 0.935000 0.007079 -0.245039
 0.937500 0.006498 -0.214189
 0.940000 0.006014 -0.171339
 0.942500 0.005640 -0.129251
 0.945000 0.005356 -0.100557
 0.947500 0.005118 -0.093437
 0.950000 0.004870 -0.108346
 0.952500 0.004563 -0.138201
 0.955000 0.004172 -0.173066
 0.957500 0.003699 -0.202766
 0.960000 0.003167 -0.219809
 0.962500 0.002613 -0.221386
 0.965000 0.002071 -0.207892
 0.967500 0.001578 -0.183710
 0.970000 0.001155 -0.153746
 0.972500 0.000809 -0.121776
 0.975000 0.000543 -0.091629
 0.977500 0.000348 -0.065313
 0.980000 0.000212 -0.044071
 0.982500 0.000123 -0.028114
 0.985000 0.000067 -0.016706
 0.987500 0.000035 -0.009296
 0.990000 0.000017 -0.004866
 0.992500 0.000008 -0.002341
 0.995000 0.000003 -0.001130
 0.997500 0.000001 -0.000509
 1.000000 0.000000 0.000000
 1.002500 0.000000 0.000000
 1.005000 0.000000 0.000000
 1.007500 0.000000 0.000000
 1.010000 0.000000 0.000000
 1.012500 0.000000 0.000000
 1.015000 0.000000 0.000000
 1.017500 0.000000 0.000000
 1.020000 0.000000 0.000000
 1.022500 0.000000 0.000000
 1.025000 0.000000 0.000000
 1.027500 0.000000 0.000000
 1.030000 0.000000 0.000000
 1.032500 0.000000 0.000000
 1.035000 0.000000 0.000000
 1.037500 0.000000 0.000000
 1.040000 0.000000 0.000000
 1.042500 0.000000 0.000000
 1.045000 0.000000 0.000000
 1.047500 0.000000 0.000000
 1.050000 0.000000 0.000000
 1.052500 0.000000 0.000000
 1.055000 0.000000 0.000000
 1.057500 0.000000 0.000000
 1.060000 0.000000 0.000000
 1.062500 0.000000 0.000000
 1.065000 0.000000 0.000000
 1.067500 0.000000 0.000000
 1.070000 0.000000 0.000000
 1.072500 0.000000 0.000000
 1.075000 0.000000 0.000000
 1.077500 0.000000 0.000000
 1.080000 0.000000 0.000000
 1.082500 0.000000 0.000000
 1.085000 0.000000 0.000000
 1.087500 0.000000 0.000000
 1.090000 0.000000 0.000000
 1.092500 0.000000 0.000000
 1.095000 0.000000 0.000000
 1.097500 0.000000 0.000000
 1.100000 0.000000 0.000000
 1.102500 0.000000 0.000000
 1.105000 0.000000 0.000000
 1.107500 0.000000 0.000000
 1.110000 0.000000 0.000000
 1.112500 0.000000 0.000000
 1.115000 0.000000 0.000000
 1.117500 0.000000 0.000000
 1.120000 0.000000 0.000000
 1.122500 0.000000 0.000000
 1.125000 0.000000 0.000000
 1.127500 0.000000 0.000000
 1.130000 0.000000 0.000000
 1.132500 0.000000 0.000000
 1.135000 0.000000 0.000000
 1.137500 0.000000 0.000000
 1.140000 0.000000 0.000000
 1.142500 0.000000 0.000000
 1.145000 0.000000 0.000000
 1.147500 0.000000 0.000000
 1.150000 0.000000 0.000000
 1.152500 0.000000 0.000000
 1.155000 0.000000 0.000000
 1.157500 0.000000 0.000000
 1.160000 0.000000 0.000000
 1.162500 0.000000 0.000000
 1.165000 0.000000 0.000000
 1.167500 0.000000 0.000000
 1.170000 0.000000 0.000000
 1.172500 0.000000 0.000000
 1.175000 0.000000 0.000000
 1.177500 0.000000 0.000000
 1.180000 0.000000 0.000000
 1.182500 0.000000 0.000000
 1.185000 0.000000 0.000000
 1.187500 0.000000 0.000000
 1.190000 0.000000 0.000000
 1.192500 0.000000 0.000000
 1.195000 0.000000 0.000000
 1.197500 0.000000 0.000000
 1.200000 0.000000 0.000000
 1.202500 0.000000 0.000000
 1.205000 0.000000 0.000000
 1.207500 0.000000 0.000000
 1.210000 0.000000 0.000000
 1.212500 0.000000 0.000000
 1.215000 0.000000 0.000000
 1.217500 0.000000 0.000000
 1.220000 0.000000 0.000000
 1.222500 0.000000 0.000000
 1.225000 0.000000 0.000000
 1.227500 0.000000 0.000000
 1.230000 0.000000 0.000000
 1.232500 0.000000 0.000000
 1.235000 0.000000 0.000000
 1.237500 0.000000 0.000000
 1.240000 0.000000 0.000000
 1.242500 0.000000 0.000000
 1.245000 0.000000 0.000000
 1.247500 0.000000 0.000000
 1.250000 0.000000 0.000000
 1.252500 0.000000 0.000000
 1.255000 0.000000 0.000000
 1.257500 0.000000 0.000000
 1.260000 0.000000 0.000000
 1.262500 0.000000 0.000000
 1.265000 0.000000 0.000000
 1.267500 0.000000 0.000000
 1.270000 0.000000 0.000000
 1.272500 0.000000 0.000000
 1.275000 0.000000 0.000000
 1.277500 0.000000 0.000000
 1.280000 0.000000 0.000000
 1.282500 0.000000 0.000000
 1.285000 0.000000 0.000000
 1.287500 0.000000 0.000000
 1.290000 0.000000 0.000000
 1.292500 0.000000 0.000000
 1.295000 0.000000 0.000000
 1.297500 0.000000 0.000000
 1.300000 0.000000 0.000000
 1.302500 0.000000 0.000000
 1.305000 0.000000 0.000000
 1.307500 0.000000 0.000000
 1.310000 0.000000 0.000000
 1.312500 0.000000 0.000000
 1.315000 0.000000 0.000000
 1.317500 0.000000 0.000000
 1.320000 0.000000 0.000000
 1.322500 0.000000 0.000000
 1.325000 0.000000 0.000000
 1.327500 0.000000 0.000000
 1.330000 0.000000 0.000000
 1.332500 0.000000 0.000000
 1.335000 0.000000 0.000000
 1.337500 0.000000 0.000000
 1.340000 0.000000 0.000000
 1.342500 0.000000 0.000000
 1.345000 0.000000 0.000000
 1.347500 0.000000 0.000000
 1.350000 0.000000 0.000000
 1.352500 0.000000 0.000000
 1.355000 0.000000 0.000000
 1.357500 0.000000 0.000000
 1.360000 0.000000 0.000000
 1.362500 0.000000 0.000000
 1.365000 0.000000 0.000000
 1.367500 0.000000 0.000000
 1.370000 0.000000 0.000000
 1.372500 0.000000 0.000000
 1.375000 0.000000 0.000000
 1.377500 0.000000 0.000000
 1.380000 0.000000 0.000000
 1.382500 0.000000 0.000000
 1.385000 0.000000 0.000000
 1.387500 0.000000 0.000000
 1.390000 0.000000 0.000000
 1.392500 0.000000 0.000000
 1.395000 0.000000 0.000000
 1.397500 0.000000 0.000000
 1.400000 0.000000 0.000000
 1.402500 0.000000 0.000000
 1.405000 0.000000 0.000000
 1.407500 0.000000 0.000000
 1.410000 0.000000 0.000000
 1.412500 0.000000 0.000000
 1.415000 0.000000 0.000000
 1.417500 0.000000 0.000000
 1.420000 0.000000 0.000000
 1.422500 0.000000 0.000000
 1.425000 0.000000 0.000000
 1.427500 0.000000 0.000000
 1.430000 0.000000 0.000000
 1.432500 0.000000 0.000000
 1.435000 0.000000 0.000000
 1.437500 0.000000 0.000000
 1.440000 0.000000 0.000000
 1.442500 0.000000 0.000000
 1.445000 0.000000 0.000000
 1.447500 0.000000 0.000000
 1.450000 0.000000 0.000000
 1.452500 0.000000 0.000000
 1.455000 0.000000 0.000000
 1.457500 0.000000 0.000000
 1.460000 0.000000 0.000000
 1.462500 0.000000 0.000000
 1.465000 0.000000 0.000000
 1.467500 0.000000 0.000000
 1.470000 0.000000 0.000000
 1.472500 0.000000 0.000000
 1.475000 0.000000 0.000000
 1.477500 0.000000 0.000000
 1.480000 0.000000 0.000000
 1.482500 0.000000 0.000000
 1.485000 0.000000 0.000000
 1.487500 0.000000 0.000000
 1.490000 0.000000 0.000000
 1.492500 0.000000 0.000000
 1.495000 0.000000 0.000000
 1.497500 0.000000 0.000000
 1.500000 0.000000 0.000000
 1.502500 0.000000 0.000000
 1.505000 0.000000 0.000000
 1.507500 0.000000 0.000000
 1.510000 0.000000 0.000000
 1.512500 0.000000 0.000000
 1.515000 0.000000 0.000000
 1.517500 0.000000 0.000000
 1.520000 0.000000 0.000000
 1.522500 0.000000 0.000000
 1.525000 0.000000 0.000000
 1.527500 0.000000 0.000000
 1.530000 0.000000 0.000000
 1.532500 0.000000 0.000000
 1.535000 0.000000 0.000000
 1.537500 0.000000 0.000000
 1.540000 0.000000 0.000000
 1.542500 0.000000 0.000000
 1.545000 0.000000 0.000000
 1.547500 0.000000 0.000000
 1.550000 0.000000 0.000000
 1.552500 0.000000 0.000000
 1.555000 0.000000 0.000000
 1.557500 0.000000 0.000000
 1.560000 0.000000 0.000000
 1.562500 0.000000 0.000000
 1.565000 0.000000 0.000000
 1.567500 0.000000 0.000000
 1.570000 0.000000 0.000000
 1.572500 0.000000 0.000000
 1.575000 0.000000 0.000000
 1.577500 0.000000 0.000000
 1.580000 0.000000 0.000000
 1.582500 0.000000 0.000000
 1.585000 0.000000 0.000000
 1.587500 0.000000 0.000000
 1.590000 0.000000 0.000000
 1.592500 0.000000 0.000000
 1.595000 0.000000 0.000000
 1.597500 0.000000 0.000000
 1.600000 0.000000 0.000000
 1.602500 0.000000 0.000000
 1.605000 0.000000 0.000000
 1.607500 0.000000 0.000000
 1.610000 0.000000 0.000000
 1.612500 0.000000 0.000000
 1.615000 0.000000 0.000000
 1.617500 0.000000 0.000000
 1.620000 0.000000 0.000000
 1.622500 0.000000 0.000000
 1.625000 0.000000 0.000000
 1.627500 0.000000 0.000000
 1.630000 0.000000 0.000000
 1.632500 0.000000 0.000000
 1.635000 0.000000 0.000000
 1.637500 0.000000 0.000000
 1.640000 0.000000 0.000000
 1.642500 0.000000 0.000000
 1.645000 0.000000 0.000000
 1.647500 0.000000 0.000000
 1.650000 0.000000 0.000000
 1.652500 0.000000 0.000000
 1.655000 0.000000 0.000000
 1.657500 0.000000 0.000000
 1.660000 0.000000 0.000000
 1.662500 0.000000 0.000000
 1.665000 0.000000 0.000000
 1.667500 0.000000 0.000000
 1.670000 0.000000 0.000000
 1.672500 0.000000 0.000000
 1.675000 0.000000 0.000000
 1.677500 0.000000 0.000000
 1.680000 0.000000 0.000000
 1.682500 0.000000 0.000000
 1.685000 0.000000 0.000000
 1.687500 0.000000 0.000000
 1.690000 0.000000 0.000000
 1.692500 0.000000 0.000000
 1.695000 0.000000 0.000000
 1.697500 0.000000 0.000000
 1.700000 0.000000 0.000000
 1.702500 0.000000 0.000000
 1.705000 0.000000 0.000000
 1.707500 0.000000 0.000000
 1.710000 0.000000 0.000000
 1.712500 0.000000 0.000000
 1.715000 0.000000 0.000000
 1.717500 0.000000 0.000000
 1.720000 0.000000 0.000000
 1.722500 0.000000 0.000000
 1.725000 0.000000 0.000000
 1.727500 0.000000 0.000000
 1.730000 0.000000 0.000000
 1.732500 0.000000 0.000000
 1.735000 0.000000 0.000000
 1.737500 0.000000 0.000000
 1.740000 0.000000 0.000000
 1.742500 0.000000 0.000000
 1.745000 0.000000 0.000000
 1.747500 0.000000 0.000000
 1.750000 0.000000 0.000000
 1.752500 0.000000 0.000000
 1.755000 0.000000 0.000000
 1.757500 0.000000 0.000000
 1.760000 0.000000 0.000000
 1.762500 0.000000 0.000000
 1.765000 0.000000 0.000000
 1.767500 0.000000 0.000000
 1.770000 0.000000 0.000000
 1.772500 0.000000 0.000000
 1.775000 0.000000 0.000000
 1.777500 0.000000 0.000000
 1.780000 0.000000 0.000000
 1.782500 0.000000 0.000000
 1.785000 0.000000 0.000000
 1.787500 0.000000 0.000000
 1.790000 0.000000 0.000000
 1.792500 0.000000 0.000000
 1.795000 0.000000 0.000000
 1.797500 0.000000 0.000000
 1.800000 0.000000 0.000000
 1.802500 0.000000 0.000000
 1.805000 0.000000 0.000000
 1.807500 0.000000 0.000000
 1.810000 0.000000 0.000000
 1.812500 0.000000 0.000000
 1.815000 0.000000 0.000000
 1.817500 0.000000 0.000000
 1.820000 0.000000 0.000000
 1.822500 0.000000 0.000000
 1.825000 0.000000 0.000000
 1.827500 0.000000 0.000000
 1.830000 0.000000 0.000000
 1.832500 0.000000 0.000000
 1.835000 0.000000 0.000000
 1.837500 0.000000 0.000000
 1.840000 0.000000 0.000000
 1.842500 0.000000 0.000000
 1.845000 0.000000 0.000000
 1.847500 0.000000 0.000000
 1.850000 0.000000 0.000000
 1.852500 0.000000 0.000000
 1.855000 0.000000 0.000000
 1.857500 0.000000 0.000000
 1.860000 0.000000 0.000000
 1.862500 0.000000 0.000000
 1.865000 0.000000 0.000000
 1.867500 0.000000 0.000000
 1.870000 0.000000 0.000000
 1.872500 0.000000 0.000000
 1.875000 0.000000 0.000000
 1.877500 0.000000 0.000000
 1.880000 0.000000 0.000000
 1.882500 0.000000 0.000000
 1.885000 0.000000 0.000000
 1.887500 0.000000 0.000000
 1.890000 0.000000 0.000000
 1.892500 0.000000 0.000000
 1.895000 0.000000 0.000000
 1.897500 0.000000 0.000000
 1.900000 0.000000 0.000000
 1.902500 0.000000 0.000000
 1.905000 0.000000 0.000000
 1.907500 0.000000 0.000000
 1.910000 0.000000 0.000000
 1.912500 0.000000 0.000000
 1.915000 0.000000 0.000000
 1.917500 0.000000 0.000000
 1.920000 0.000000 0.000000
 1.922500 0.000000 0.000000
 1.925000 0.000000 0.000000
 1.927500 0.000000 0.000000
 1.930000 0.000000 0.000000
 1.932500 0.000000 0.000000
 1.935000 0.000000 0.000000
 1.937500 0.000000 0.000000
 1.940000 0.000000 0.000000
 1.942500 0.000000 0.000000
 1.945000 0.000000 0.000000
 1.947500 0.000000 0.000000
 1.950000 0.000000 0.000000
 1.952500 0.000000 0.000000
 1.955000 0.000000 0.000000
 1.957500 0.000000 0.000000
 1.960000 0.000000 0.000000
 1.962500 0.000000 0.000000
 1.965000 0.000000 0.000000
 1.967500 0.000000 0.000000
 1.970000 0.000000 0.000000
 1.972500 0.000000 0.000000
 1.975000 0.000000 0.000000
 1.977500 0.000000 0.000000
 1.980000 0.000000 0.000000
 1.982500 0.000000 0.000000
 1.985000 0.000000 0.000000
 1.987500 0.000000 0.000000
 1.990000 0.000000 0.000000
 1.992500 0.000000 0.000000
 1.995000 0.000000 0.000000
 1.997500 0.000000 0.000000
 2.000000 0.000000 0.000000
