#! FIELDS es hh dhh_es
#! SET normalisation  200.000000
#! SET min_es -0.5
#! SET max_es 2
#! SET nbins_es  1000
#! SET periodic_es false
 -0.500000 0.000000 0.000000
 -0.497500 0.000000 0.000000
 -0.495000 0.000000 0.000000
 -0.492500 0.000000 0.000000
 -0.490000 0.000000 0.000000
 -0.487500 0.000000 0.000000
 -0.485000 0.000000 0.000000
 -0.482500 0.000000 0.000000
 -0.480000 0.000000 0.000000
 -0.477500 0.000000 0.000000
 -0.475000 0.000000 0.000000
 -0.472500 0.000000 0.000000
 -0.470000 0.000000 0.000000
 -0.467500 0.000000 0.000000
 -0.465000 0.000000 0.000000
 -0.462500 0.000000 0.000000
 -0.460000 0.000000 0.000000
 -0.457500 0.000000 0.000000
 -0.455000 0.000000 0.000000
 -0.452500 0.000000 0.000000
 -0.450000 0.000000 0.000000
 -0.447500 0.000000 0.000000
 -0.445000 0.000000 0.000000
 -0.442500 0.000000 0.000000
 -0.440000 0.000000 0.000000
 -0.437500 0.000000 0.000000
 -0.435000 0.000000 0.000000
 -0.432500 0.000000 0.000000
 -0.430000 0.000000 0.000000
 -0.427500 0.000000 0.000000
 -0.425000 0.000000 0.000000
 -0.422500 0.000000 0.000000
 -0.420000 0.000000 0.000000
 -0.417500 0.000000 0.000000
 -0.415000 0.000000 0.000000
 -0.412500 0.000000 0.000000
 -0.410000 0.000000 0.000000
 -0.407500 0.000000 0.000000
 -0.405000 0.000000 0.000000
 -0.402500 0.000000 0.000000
 -0.400000 0.000000 0.000000
 -0.397500 0.000000 0.000000
 -0.395000 0.000000 0.000000
 -0.392500 0.000000 0.000000
 -0.390000 0.000000 0.000000
 -0.387500 0.000000 0.000000
 -0.385000 0.000000 0.000000
 -0.382500 0.000000 0.000000
 -0.380000 0.000000 0.000000
 -0.377500 0.000000 0.000000
 -0.375000 0.000000 0.000000
 -0.372500 0.000000 0.000000
 -0.370000 0.000000 0.000000
 -0.367500 0.000000 0.000000
 -0.365000 0.000000 0.000000
 -0.362500 0.000000 0.000000
 -0.360000 0.000000 0.000000
 -0.357500 0.000000 0.000000
 -0.355000 0.000000 0.000000
 -0.352500 0.000000 0.000000
 -0.350000 0.000000 0.000000
 -0.347500 0.000000 0.000000
 -0.345000 0.000000 0.000000
 -0.342500 0.000000 0.000000
 -0.340000 0.000000 0.000000
 -0.337500 0.000000 0.000000
 -0.335000 0.000000 0.000000
 -0.332500 0.000000 0.000000
 -0.330000 0.000000 0.000000
 -0.327500 0.000000 0.000000
 -0.325000 0.000000 0.000000
 -0.322500 0.000000 0.000000
 -0.320000 0.000000 0.000000
 -0.317500 0.000000 0.000000
 -0.315000 0.000000 0.000000
 -0.312500 0.000000 0.000000
 -0.310000 0.000000 0.000000
 -0.307500 0.000000 0.000000
 -0.305000 0.000000 0.000000
 -0.302500 0.000000 0.000000
 -0.300000 0.000000 0.000000
 -0.297500 0.000000 0.000000
 -0.295000 0.000000 0.000000
 -0.292500 0.000000 0.000000
 -0.290000 0.000000 0.000000
 -0.287500 0.000000 0.000000
 -0.285000 0.000000 0.000000
 -0.282500 0.000000 0.000000
 -0.280000 0.000000 0.000000
 -0.277500 0.000000 0.000000
 -0.275000 0.000000 0.000000
 -0.272500 0.000000 0.000000
 -0.270000 0.000000 0.000000
 -0.267500 0.000000 0.000000
 -0.265000 0.000000 0.000000
 -0.262500 0.000000 0.000000
 -0.260000 0.000000 0.000000
 -0.257500 0.000000 0.000000
 -0.255000 0.000000 0.000000
 -0.252500 0.000000 0.000000
 -0.250000 0.000000 0.000000
 -0.247500 0.000000 0.000000
 -0.245000 0.000000 0.000000
 -0.242500 0.000000 0.000000
 -0.240000 0.000000 0.000000
 -0.237500 0.000000 0.000000
 -0.235000 0.000000 0.000000
 -0.232500 0.000000 0.000000
 -0.230000 0.000000 0.000000
 -0.227500 0.000000 0.000000
 -0.225000 0.000000 0.000000
 -0.222500 0.000000 0.000000
 -0.220000 0.000000 0.000000
 -0.217500 0.000000 0.000000
 -0.215000 0.000000 0.000000
 -0.212500 0.000000 0.000000
 -0.210000 0.000000 0.000000
 -0.207500 0.000000 0.000000
 -0.205000 0.000000 0.000000
 -0.202500 0.000000 0.000000
 -0.200000 0.000000 0.000000
 -0.197500 0.000000 0.000000
 -0.195000 0.000000 0.000000
 -0.192500 0.000000 0.000000
 -0.190000 0.000000 0.000000
 -0.187500 0.000000 0.000000
 -0.185000 0.000000 0.000000
 -0.182500 0.000000 0.000000
 -0.180000 0.000000 0.000000
 -0.177500 0.000000 0.000000
 -0.175000 0.000000 0.000000
 -0.172500 0.000000 0.000000
 -0.170000 0.000000 0.000000
 -0.167500 0.000000 0.000000
 -0.165000 0.000000 0.000000
 -0.162500 0.000000 0.000000
 -0.160000 0.000000 0.000000
 -0.157500 0.000000 0.000000
 -0.155000 0.000000 0.000000
 -0.152500 0.000000 0.000000
 -0.150000 0.000000 0.000000
 -0.147500 0.000000 0.000000
 -0.145000 0.000000 0.000000
 -0.142500 0.000000 0.000000
 -0.140000 0.000000 0.000000
 -0.137500 0.000000 0.000000
 -0.135000 0.000000 0.000000
 -0.132500 0.000000 0.000000
 -0.130000 0.000000 0.000000
 -0.127500 0.000000 0.000000
 -0.125000 0.000000 0.000000
 -0.122500 0.000000 0.000000
 -0.120000 0.000000 0.000000
 -0.117500 0.000000 0.000000
 -0.115000 0.000000 0.000000
 -0.112500 0.000000 0.000000
 -0.110000 0.000000 0.000000
 -0.107500 0.000000 0.000000
 -0.105000 0.000000 0.000000
 -0.102500 0.000000 0.000000
 -0.100000 0.000000 0.000000
 -0.097500 0.000000 0.000000
 -0.095000 0.000000 0.000000
 -0.092500 0.000000 0.000000
 -0.090000 0.000000 0.000000
 -0.087500 0.000000 0.000000
 -0.085000 0.000000 0.000000
 -0.082500 0.000000 0.000000
 -0.080000 0.000000 0.000000
 -0.077500 0.000000 0.000000
 -0.075000 0.000000 0.000000
 -0.072500 0.000000 0.000000
 -0.070000 0.000000 0.000000
 -0.067500 0.000000 0.000000
 -0.065000 0.000000 0.000000
 -0.062500 0.000000 0.000000
 -0.060000 0.000000 0.000000
 -0.057500 0.000000 0.000000
 -0.055000 0.000000 0.000000
 -0.052500 0.000000 0.000000
 -0.050000 0.000000 0.000000
 -0.047500 0.000000 0.000000
 -0.045000 0.000000 0.000000
 -0.042500 0.000000 0.000000
 -0.040000 0.000000 0.000000
 -0.037500 0.000000 0.000000
 -0.035000 0.000000 0.000000
 -0.032500 0.000000 0.000000
 -0.030000 0.000000 0.000000
 -0.027500 0.000000 0.000000
 -0.025000 0.000000 0.000000
 -0.022500 0.000000 0.000000
 -0.020000 0.000000 0.000000
 -0.017500 0.000000 0.000000
 -0.015000 0.000000 0.000000
 -0.012500 0.000000 0.000000
 -0.010000 0.000000 0.000000
 -0.007500 0.000000 0.000000
 -0.005000 0.000000 0.000000
 -0.002500 0.000000 0.000000
 0.000000 0.000000 0.000000
 0.002500 0.000000 0.000000
 0.005000 0.000000 0.000000
 0.007500 0.000000 0.000000
 0.010000 0.000000 0.000000
 0.012500 0.000000 0.000000
 0.015000 0.000000 0.000000
 0.017500 0.000000 0.000000
 0.020000 0.000000 0.000000
 0.022500 0.000000 0.000000
 0.025000 0.000000 0.000000
 0.027500 0.000000 0.000173
 0.030000 0.000001 0.000416
 0.032500 0.000003 0.000938
 0.035000 0.000006 0.001977
 0.037500 0.000013 0.003889
 0.040000 0.000028 0.007421
 0.042500 0.000053 0.012982
 0.045000 0.000095 0.021270
 0.047500 0.000163 0.033149
 0.050000 0.000265 0.048307
 0.052500 0.000410 0.067663
 0.055000 0.000611 0.091724
 0.057500 0.000877 0.121537
 0.060000 0.001228 0.160073
 0.062500 0.001692 0.213273
 0.065000 0.002322 0.290740
 0.067500 0.003178 0.398194
 0.070000 0.004350 0.544570
 0.072500 0.005947 0.736127
 0.075000 0.008075 0.970260
 0.077500 0.010839 1.242060
 0.080000 0.014316 1.540048
 0.082500 0.018561 1.852238
 0.085000 0.023593 2.166770
 0.087500 0.029409 2.476644
 0.090000 0.035986 2.776957
 0.092500 0.043310 3.072247
 0.095000 0.051373 3.369741
 0.097500 0.060199 3.683645
 0.100000 0.069844 4.030204
 0.102500 0.080430 4.437248
 0.105000 0.092146 4.936181
 0.107500 0.105250 5.554716
 0.110000 0.120085 6.320331
 0.112500 0.137032 7.242284
 0.115000 0.156469 8.308012
 0.117500 0.178710 9.479696
 0.120000 0.203971 10.710152
 0.122500 0.232320 11.942990
 0.125000 0.263720 13.141435
 0.127500 0.298055 14.286806
 0.130000 0.335186 15.382536
 0.132500 0.374999 16.438989
 0.135000 0.417428 17.467353
 0.137500 0.462387 18.459543
 0.140000 0.509762 19.392752
 0.142500 0.559356 20.234741
 0.145000 0.610920 20.957549
 0.147500 0.664136 21.558701
 0.150000 0.718727 22.061879
 0.152500 0.774476 22.488853
 0.155000 0.831241 22.882083
 0.157500 0.888973 23.266644
 0.160000 0.947702 23.673981
 0.162500 1.007491 24.118803
 0.165000 1.068439 24.610622
 0.167500 1.130665 25.148255
 0.170000 1.194303 25.736039
 0.172500 1.259441 26.349393
 0.175000 1.326145 26.978053
 0.177500 1.394420 27.596639
 0.180000 1.464205 28.191142
 0.182500 1.535395 28.724636
 0.185000 1.607819 29.152949
 0.187500 1.681090 29.408023
 0.190000 1.754705 29.415614
 0.192500 1.827972 29.135868
 0.195000 1.900224 28.606277
 0.197500 1.970944 27.956456
 0.200000 2.040094 27.379996
 0.202500 2.108103 27.085684
 0.205000 2.175873 27.196021
 0.207500 2.244447 27.698115
 0.210000 2.314562 28.393513
 0.212500 2.386337 28.987215
 0.215000 2.459132 29.158757
 0.217500 2.531577 28.705981
 0.220000 2.602107 27.626698
 0.222500 2.669359 26.149103
 0.225000 2.732779 24.629458
 0.227500 2.792760 23.480221
 0.230000 2.850662 22.983255
 0.232500 2.908225 23.199385
 0.235000 2.967050 23.949755
 0.237500 3.028013 24.863789
 0.240000 3.090987 25.514362
 0.242500 3.154937 25.590840
 0.245000 3.218284 25.021365
 0.247500 3.279494 23.946172
 0.250000 3.337679 22.629353
 0.252500 3.392543 21.362498
 0.255000 3.444437 20.274233
 0.257500 3.493802 19.307253
 0.260000 3.540685 18.250196
 0.262500 3.584542 16.861802
 0.265000 3.624302 14.938047
 0.267500 3.658548 12.486113
 0.270000 3.686186 9.685827
 0.272500 3.706742 6.886409
 0.275000 3.720707 4.470136
 0.277500 3.729429 2.750355
 0.280000 3.734881 1.876643
 0.282500 3.739200 1.837446
 0.285000 3.744300 2.489462
 0.287500 3.751635 3.577270
 0.290000 3.761962 4.813226
 0.292500 3.775265 5.915069
 0.295000 3.790827 6.569791
 0.297500 3.807201 6.560669
 0.300000 3.822576 5.753701
 0.302500 3.834931 4.173339
 0.305000 3.842559 2.017528
 0.307500 3.844374 -0.393103
 0.310000 3.840226 -2.695247
 0.312500 3.830808 -4.575140
 0.315000 3.817409 -5.866555
 0.317500 3.801539 -6.590942
 0.320000 3.784394 -6.914303
 0.322500 3.766628 -7.117354
 0.325000 3.748251 -7.463756
 0.327500 3.728644 -8.101272
 0.330000 3.707006 -9.055517
 0.332500 3.682739 -10.194939
 0.335000 3.655620 -11.290204
 0.337500 3.626044 -12.150835
 0.340000 3.594724 -12.649989
 0.342500 3.562518 -12.864758
 0.345000 3.529950 -12.982410
 0.347500 3.496986 -13.240115
 0.350000 3.463014 -13.816254
 0.352500 3.427107 -14.754854
 0.355000 3.388553 -15.913765
 0.357500 3.347099 -17.019645
 0.360000 3.303280 -17.754293
 0.362500 3.258332 -17.890813
 0.365000 3.213884 -17.379002
 0.367500 3.171373 -16.377460
 0.370000 3.131615 -15.213863
 0.372500 3.094536 -14.304539
 0.375000 3.059073 -13.993664
 0.377500 3.023458 -14.446487
 0.380000 2.985733 -15.661604
 0.382500 2.944244 -17.418338
 0.385000 2.898015 -19.385895
 0.387500 2.847000 -21.165961
 0.390000 2.792125 -22.450252
 0.392500 2.734891 -23.014136
 0.395000 2.677208 -22.812391
 0.397500 2.620924 -21.923864
 0.400000 2.567553 -20.546889
 0.402500 2.517996 -18.906750
 0.405000 2.472595 -17.247974
 0.407500 2.431158 -15.790740
 0.410000 2.392958 -14.677655
 0.412500 2.356991 -14.018115
 0.415000 2.322041 -13.851589
 0.417500 2.286913 -14.130612
 0.420000 2.250651 -14.764563
 0.422500 2.212542 -15.584339
 0.425000 2.172317 -16.412855
 0.427500 2.130150 -17.111692
 0.430000 2.086560 -17.575070
 0.432500 2.042150 -17.747939
 0.435000 1.997669 -17.650705
 0.437500 1.953728 -17.327833
 0.440000 1.910827 -16.839286
 0.442500 1.869271 -16.251170
 0.445000 1.829216 -15.643335
 0.447500 1.790669 -15.076798
 0.450000 1.753426 -14.602249
 0.452500 1.717231 -14.262941
 0.455000 1.681649 -14.082758
 0.457500 1.646300 -14.098930
 0.460000 1.610688 -14.269276
 0.462500 1.574511 -14.561310
 0.465000 1.537541 -14.890025
 0.467500 1.499771 -15.184061
 0.470000 1.461368 -15.408539
 0.472500 1.422521 -15.548580
 0.475000 1.383411 -15.609390
 0.477500 1.344209 -15.626023
 0.480000 1.305038 -15.601819
 0.482500 1.266011 -15.501224
 0.485000 1.227388 -15.269381
 0.487500 1.189559 -14.845221
 0.490000 1.153060 -14.207726
 0.492500 1.118446 -13.367019
 0.495000 1.086133 -12.370366
 0.497500 1.056404 -11.311785
 0.500000 1.029293 -10.291810
 0.502500 1.004585 -9.407393
 0.505000 0.981852 -8.734758
 0.507500 0.960480 -8.306748
 0.510000 0.939856 -8.159950
 0.512500 0.919270 -8.271866
 0.515000 0.898119 -8.604975
 0.517500 0.875925 -9.081370
 0.520000 0.852437 -9.622114
 0.522500 0.827649 -10.118730
 0.525000 0.801789 -10.454271
 0.527500 0.775406 -10.560082
 0.530000 0.749083 -10.372434
 0.532500 0.723567 -9.934070
 0.535000 0.699412 -9.311325
 0.537500 0.676938 -8.603186
 0.540000 0.656207 -7.933623
 0.542500 0.637011 -7.389855
 0.545000 0.618969 -7.013683
 0.547500 0.601656 -6.796687
 0.550000 0.584737 -6.700860
 0.552500 0.567976 -6.659357
 0.555000 0.551305 -6.627551
 0.557500 0.534721 -6.576263
 0.560000 0.518289 -6.516165
 0.562500 0.501999 -6.466757
 0.565000 0.485813 -6.443246
 0.567500 0.469657 -6.442198
 0.570000 0.453505 -6.427743
 0.572500 0.437456 -6.355293
 0.575000 0.421725 -6.172935
 0.577500 0.406622 -5.849404
 0.580000 0.392497 -5.390276
 0.582500 0.379640 -4.847349
 0.585000 0.368188 -4.281317
 0.587500 0.358092 -3.769257
 0.590000 0.349152 -3.374906
 0.592500 0.341023 -3.122165
 0.595000 0.333344 -3.004944
 0.597500 0.325823 -2.995734
 0.600000 0.318249 -3.039112
 0.602500 0.310556 -3.086368
 0.605000 0.302772 -3.101996
 0.607500 0.294982 -3.093543
 0.610000 0.287229 -3.088435
 0.612500 0.279442 -3.124762
 0.615000 0.271467 -3.237537
 0.617500 0.263121 -3.433339
 0.620000 0.254221 -3.668353
 0.622500 0.244747 -3.878716
 0.625000 0.234842 -4.004663
 0.627500 0.224775 -4.004013
 0.630000 0.214873 -3.875269
 0.632500 0.205429 -3.647607
 0.635000 0.196625 -3.374202
 0.637500 0.188502 -3.103869
 0.640000 0.181013 -2.876484
 0.642500 0.174018 -2.708002
 0.645000 0.167372 -2.599606
 0.647500 0.160936 -2.539621
 0.650000 0.154608 -2.512707
 0.652500 0.148318 -2.502698
 0.655000 0.142042 -2.499681
 0.657500 0.135774 -2.491954
 0.660000 0.129544 -2.478359
 0.662500 0.123362 -2.446060
 0.665000 0.117291 -2.393524
 0.667500 0.111384 -2.315356
 0.670000 0.105713 -2.208402
 0.672500 0.100344 -2.069202
 0.675000 0.095353 -1.907258
 0.677500 0.090786 -1.729370
 0.680000 0.086677 -1.545353
 0.682500 0.083030 -1.361294
 0.685000 0.079843 -1.185417
 0.687500 0.077075 -1.020705
 0.690000 0.074684 -0.884962
 0.692500 0.072585 -0.793134
 0.695000 0.070648 -0.758254
 0.697500 0.068723 -0.786263
 0.700000 0.066652 -0.870135
 0.702500 0.064323 -0.988020
 0.705000 0.061684 -1.110831
 0.707500 0.058777 -1.203447
 0.710000 0.055703 -1.236290
 0.712500 0.052635 -1.203863
 0.715000 0.049723 -1.113657
 0.717500 0.047083 -0.988981
 0.720000 0.044765 -0.861932
 0.722500 0.042748 -0.752943
 0.725000 0.040967 -0.673103
 0.727500 0.039353 -0.617099
 0.730000 0.037862 -0.572799
 0.732500 0.036480 -0.527051
 0.735000 0.035222 -0.471219
 0.737500 0.034118 -0.407036
 0.740000 0.033180 -0.338853
 0.742500 0.032405 -0.277730
 0.745000 0.031763 -0.236212
 0.747500 0.031192 -0.221873
 0.750000 0.030619 -0.239040
 0.752500 0.029964 -0.287323
 0.755000 0.029157 -0.358540
 0.757500 0.028155 -0.440568
 0.760000 0.026952 -0.517407
 0.762500 0.025580 -0.573072
 0.765000 0.024105 -0.596081
 0.767500 0.022619 -0.582847
 0.770000 0.021212 -0.534600
 0.772500 0.019963 -0.461025
 0.775000 0.018913 -0.376211
 0.777500 0.018070 -0.299701
 0.780000 0.017388 -0.246326
 0.782500 0.016799 -0.231020
 0.785000 0.016200 -0.251808
 0.787500 0.015512 -0.300636
 0.790000 0.014683 -0.359899
 0.792500 0.013714 -0.408898
 0.795000 0.012656 -0.431201
 0.797500 0.011586 -0.418081
 0.800000 0.010587 -0.374063
 0.802500 0.009724 -0.312133
 0.805000 0.009024 -0.247792
 0.807500 0.008475 -0.192602
 0.810000 0.008045 -0.152340
 0.812500 0.007700 -0.124306
 0.815000 0.007417 -0.099410
 0.817500 0.007202 -0.070809
 0.820000 0.007067 -0.034516
 0.822500 0.007029 0.004220
 0.825000 0.007080 0.036214
 0.827500 0.007189 0.049592
 0.830000 0.007299 0.034895
 0.832500 0.007337 -0.008109
 0.835000 0.007240 -0.072419
 0.837500 0.006968 -0.145267
 0.840000 0.006517 -0.212641
 0.842500 0.005918 -0.262029
 0.845000 0.005228 -0.285377
 0.847500 0.004516 -0.279081
 0.850000 0.003855 -0.243652
 0.852500 0.003313 -0.185419
 0.855000 0.002940 -0.111112
 0.857500 0.002761 -0.031901
 0.860000 0.002774 0.039983
 0.862500 0.002944 0.091866
 0.865000 0.003208 0.114233
 0.867500 0.003486 0.103146
 0.870000 0.003698 0.062339
 0.872500 0.003782 0.003163
 0.875000 0.003708 -0.059237
 0.877500 0.003490 -0.112469
 0.880000 0.003163 -0.145611
 0.882500 0.002781 -0.156441
 0.885000 0.002395 -0.149008
 0.887500 0.002042 -0.131542
 0.890000 0.001738 -0.112456
 0.892500 0.001477 -0.097001
 0.895000 0.001248 -0.087037
 0.897500 0.001038 -0.081205
 0.900000 0.000841 -0.076639
 0.902500 0.000656 -0.070743
 0.905000 0.000490 -0.062285
 0.907500 0.000346 -0.051270
 0.910000 0.000232 -0.039516
 0.912500 0.000147 -0.028413
 0.915000 0.000087 -0.018905
 0.917500 0.000049 -0.011865
 0.920000 0.000026 -0.006921
 0.922500 0.000013 -0.003759
 0.925000 0.000006 -0.001904
 0.927500 0.000003 -0.000901
 0.930000 0.000001 -0.000398
 0.932500 0.000000 0.000000
 0.935000 0.000000 0.000000
 0.937500 0.000000 0.000000
 0.940000 0.000000 0.000000
 0.942500 0.000000 0.000000
 0.945000 0.000000 0.000000
 0.947500 0.000000 0.000000
 0.950000 0.000000 0.000000
 0.952500 0.000000 0.000000
 0.955000 0.000000 0.000000
 0.957500 0.000000 0.000000
 0.960000 0.000000 0.000000
 0.962500 0.000000 0.000000
 0.965000 0.000000 0.000000
 0.967500 0.000000 0.000000
 0.970000 0.000000 0.000000
 0.972500 0.000000 0.000000
 0.975000 0.000000 0.000000
 0.977500 0.000000 0.000000
 0.980000 0.000000 0.000000
 0.982500 0.000000 0.000000
 0.985000 0.000000 0.000000
 0.987500 0.000000 0.000000
 0.990000 0.000000 0.000000
 0.992500 0.000000 0.000000
 0.995000 0.000000 0.000000
 0.997500 0.000000 0.000000
 1.000000 0.000000 0.000000
 1.002500 0.000000 0.000000
 1.005000 0.000000 0.000000
 1.007500 0.000000 0.000000
 1.010000 0.000000 0.000000
 1.012500 0.000000 0.000000
 1.015000 0.000000 0.000000
 1.017500 0.000000 0.000000
 1.020000 0.000000 0.000000
 1.022500 0.000000 0.000000
 1.025000 0.000000 0.000000
 1.027500 0.000000 0.000000
 1.030000 0.000000 0.000000
 1.032500 0.000000 0.000000
 1.035000 0.000000 0.000000
 1.037500 0.000000 0.000000
 1.040000 0.000000 0.000000
 1.042500 0.000000 0.000000
 1.045000 0.000000 0.000000
 1.047500 0.000000 0.000000
 1.050000 0.000000 0.000000
 1.052500 0.000000 0.000000
 1.055000 0.000000 0.000000
 1.057500 0.000000 0.000000
 1.060000 0.000000 0.000000
 1.062500 0.000000 0.000000
 1.065000 0.000000 0.000000
 1.067500 0.000000 0.000000
 1.070000 0.000000 0.000000
 1.072500 0.000000 0.000000
 1.075000 0.000000 0.000000
 1.077500 0.000000 0.000000
 1.080000 0.000000 0.000000
 1.082500 0.000000 0.000000
 1.085000 0.000000 0.000000
 1.087500 0.000000 0.000000
 1.090000 0.000000 0.000000
 1.092500 0.000000 0.000000
 1.095000 0.000000 0.000000
 1.097500 0.000000 0.000000
 1.100000 0.000000 0.000000
 1.102500 0.000000 0.000000
 1.105000 0.000000 0.000000
 1.107500 0.000000 0.000000
 1.110000 0.000000 0.000000
 1.112500 0.000000 0.000000
 1.115000 0.000000 0.000000
 1.117500 0.000000 0.000000
 1.120000 0.000000 0.000000
 1.122500 0.000000 0.000000
 1.125000 0.000000 0.000000
 1.127500 0.000000 0.000000
 1.130000 0.000000 0.000000
 1.132500 0.000000 0.000000
 1.135000 0.000000 0.000000
 1.137500 0.000000 0.000000
 1.140000 0.000000 0.000000
 1.142500 0.000000 0.000000
 1.145000 0.000000 0.000000
 1.147500 0.000000 0.000000
 1.150000 0.000000 0.000000
 1.152500 0.000000 0.000000
 1.155000 0.000000 0.000000
 1.157500 0.000000 0.000000
 1.160000 0.000000 0.000000
 1.162500 0.000000 0.000000
 1.165000 0.000000 0.000000
 1.167500 0.000000 0.000000
 1.170000 0.000000 0.000000
 1.172500 0.000000 0.000000
 1.175000 0.000000 0.000000
 1.177500 0.000000 0.000000
 1.180000 0.000000 0.000000
 1.182500 0.000000 0.000000
 1.185000 0.000000 0.000000
 1.187500 0.000000 0.000000
 1.190000 0.000000 0.000000
 1.192500 0.000000 0.000000
 1.195000 0.000000 0.000000
 1.197500 0.000000 0.000000
 1.200000 0.000000 0.000000
 1.202500 0.000000 0.000000
 1.205000 0.000000 0.000000
 1.207500 0.000000 0.000000
 1.210000 0.000000 0.000000
 1.212500 0.000000 0.000000
 1.215000 0.000000 0.000000
 1.217500 0.000000 0.000000
 1.220000 0.000000 0.000000
 1.222500 0.000000 0.000000
 1.225000 0.000000 0.000000
 1.227500 0.000000 0.000000
 1.230000 0.000000 0.000000
 1.232500 0.000000 0.000000
 1.235000 0.000000 0.000000
 1.237500 0.000000 0.000000
 1.240000 0.000000 0.000000
 1.242500 0.000000 0.000000
 1.245000 0.000000 0.000000
 1.247500 0.000000 0.000000
 1.250000 0.000000 0.000000
 1.252500 0.000000 0.000000
 1.255000 0.000000 0.000000
 1.257500 0.000000 0.000000
 1.260000 0.000000 0.000000
 1.262500 0.000000 0.000000
 1.265000 0.000000 0.000000
 1.267500 0.000000 0.000000
 1.270000 0.000000 0.000000
 1.272500 0.000000 0.000000
 1.275000 0.000000 0.000000
 1.277500 0.000000 0.000000
 1.280000 0.000000 0.000000
 1.282500 0.000000 0.000000
 1.285000 0.000000 0.000000
 1.287500 0.000000 0.000000
 1.290000 0.000000 0.000000
 1.292500 0.000000 0.000000
 1.295000 0.000000 0.000000
 1.297500 0.000000 0.000000
 1.300000 0.000000 0.000000
 1.302500 0.000000 0.000000
 1.305000 0.000000 0.000000
 1.307500 0.000000 0.000000
 1.310000 0.000000 0.000000
 1.312500 0.000000 0.000000
 1.315000 0.000000 0.000000
 1.317500 0.000000 0.000000
 1.320000 0.000000 0.000000
 1.322500 0.000000 0.000000
 1.325000 0.000000 0.000000
 1.327500 0.000000 0.000000
 1.330000 0.000000 0.000000
 1.332500 0.000000 0.000000
 1.335000 0.000000 0.000000
 1.337500 0.000000 0.000000
 1.340000 0.000000 0.000000
 1.342500 0.000000 0.000000
 1.345000 0.000000 0.000000
 1.347500 0.000000 0.000000
 1.350000 0.000000 0.000000
 1.352500 0.000000 0.000000
 1.355000 0.000000 0.000000
 1.357500 0.000000 0.000000
 1.360000 0.000000 0.000000
 1.362500 0.000000 0.000000
 1.365000 0.000000 0.000000
 1.367500 0.000000 0.000000
 1.370000 0.000000 0.000000
 1.372500 0.000000 0.000000
 1.375000 0.000000 0.000000
 1.377500 0.000000 0.000000
 1.380000 0.000000 0.000000
 1.382500 0.000000 0.000000
 1.385000 0.000000 0.000000
 1.387500 0.000000 0.000000
 1.390000 0.000000 0.000000
 1.392500 0.000000 0.000000
 1.395000 0.000000 0.000000
 1.397500 0.000000 0.000000
 1.400000 0.000000 0.000000
 1.402500 0.000000 0.000000
 1.405000 0.000000 0.000000
 1.407500 0.000000 0.000000
 1.410000 0.000000 0.000000
 1.412500 0.000000 0.000000
 1.415000 0.000000 0.000000
 1.417500 0.000000 0.000000
 1.420000 0.000000 0.000000
 1.422500 0.000000 0.000000
 1.425000 0.000000 0.000000
 1.427500 0.000000 0.000000
 1.430000 0.000000 0.000000
 1.432500 0.000000 0.000000
 1.435000 0.000000 0.000000
 1.437500 0.000000 0.000000
 1.440000 0.000000 0.000000
 1.442500 0.000000 0.000000
 1.445000 0.000000 0.000000
 1.447500 0.000000 0.000000
 1.450000 0.000000 0.000000
 1.452500 0.000000 0.000000
 1.455000 0.000000 0.000000
 1.457500 0.000000 0.000000
 1.460000 0.000000 0.000000
 1.462500 0.000000 0.000000
 1.465000 0.000000 0.000000
 1.467500 0.000000 0.000000
 1.470000 0.000000 0.000000
 1.472500 0.000000 0.000000
 1.475000 0.000000 0.000000
 1.477500 0.000000 0.000000
 1.480000 0.000000 0.000000
 1.482500 0.000000 0.000000
 1.485000 0.000000 0.000000
 1.487500 0.000000 0.000000
 1.490000 0.000000 0.000000
 1.492500 0.000000 0.000000
 1.495000 0.000000 0.000000
 1.497500 0.000000 0.000000
 1.500000 0.000000 0.000000
 1.502500 0.000000 0.000000
 1.505000 0.000000 0.000000
 1.507500 0.000000 0.000000
 1.510000 0.000000 0.000000
 1.512500 0.000000 0.000000
 1.515000 0.000000 0.000000
 1.517500 0.000000 0.000000
 1.520000 0.000000 0.000000
 1.522500 0.000000 0.000000
 1.525000 0.000000 0.000000
 1.527500 0.000000 0.000000
 1.530000 0.000000 0.000000
 1.532500 0.000000 0.000000
 1.535000 0.000000 0.000000
 1.537500 0.000000 0.000000
 1.540000 0.000000 0.000000
 1.542500 0.000000 0.000000
 1.545000 0.000000 0.000000
 1.547500 0.000000 0.000000
 1.550000 0.000000 0.000000
 1.552500 0.000000 0.000000
 1.555000 0.000000 0.000000
 1.557500 0.000000 0.000000
 1.560000 0.000000 0.000000
 1.562500 0.000000 0.000000
 1.565000 0.000000 0.000000
 1.567500 0.000000 0.000000
 1.570000 0.000000 0.000000
 1.572500 0.000000 0.000000
 1.575000 0.000000 0.000000
 1.577500 0.000000 0.000000
 1.580000 0.000000 0.000000
 1.582500 0.000000 0.000000
 1.585000 0.000000 0.000000
 1.587500 0.000000 0.000000
 1.590000 0.000000 0.000000
 1.592500 0.000000 0.000000
 1.595000 0.000000 0.000000
 1.597500 0.000000 0.000000
 1.600000 0.000000 0.000000
 1.602500 0.000000 0.000000
 1.605000 0.000000 0.000000
 1.607500 0.000000 0.000000
 1.610000 0.000000 0.000000
 1.612500 0.000000 0.000000
 1.615000 0.000000 0.000000
 1.617500 0.000000 0.000000
 1.620000 0.000000 0.000000
 1.622500 0.000000 0.000000
 1.625000 0.000000 0.000000
 1.627500 0.000000 0.000000
 1.630000 0.000000 0.000000
 1.632500 0.000000 0.000000
 1.635000 0.000000 0.000000
 1.637500 0.000000 0.000000
 1.640000 0.000000 0.000000
 1.642500 0.000000 0.000000
 1.645000 0.000000 0.000000
 1.647500 0.000000 0.000000
 1.650000 0.000000 0.000000
 1.652500 0.000000 0.000000
 1.655000 0.000000 0.000000
 1.657500 0.000000 0.000000
 1.660000 0.000000 0.000000
 1.662500 0.000000 0.000000
 1.665000 0.000000 0.000000
 1.667500 0.000000 0.000000
 1.670000 0.000000 0.000000
 1.672500 0.000000 0.000000
 1.675000 0.000000 0.000000
 1.677500 0.000000 0.000000
 1.680000 0.000000 0.000000
 1.682500 0.000000 0.000000
 1.685000 0.000000 0.000000
 1.687500 0.000000 0.000000
 1.690000 0.000000 0.000000
 1.692500 0.000000 0.000000
 1.695000 0.000000 0.000000
 1.697500 0.000000 0.000000
 1.700000 0.000000 0.000000
 1.702500 0.000000 0.000000
 1.705000 0.000000 0.000000
 1.707500 0.000000 0.000000
 1.710000 0.000000 0.000000
 1.712500 0.000000 0.000000
 1.715000 0.000000 0.000000
 1.717500 0.000000 0.000000
 1.720000 0.000000 0.000000
 1.722500 0.000000 0.000000
 1.725000 0.000000 0.000000
 1.727500 0.000000 0.000000
 1.730000 0.000000 0.000000
 1.732500 0.000000 0.000000
 1.735000 0.000000 0.000000
 1.737500 0.000000 0.000000
 1.740000 0.000000 0.000000
 1.742500 0.000000 0.000000
 1.745000 0.000000 0.000000
 1.747500 0.000000 0.000000
 1.750000 0.000000 0.000000
 1.752500 0.000000 0.000000
 1.755000 0.000000 0.000000
 1.757500 0.000000 0.000000
 1.760000 0.000000 0.000000
 1.762500 0.000000 0.000000
 1.765000 0.000000 0.000000
 1.767500 0.000000 0.000000
 1.770000 0.000000 0.000000
 1.772500 0.000000 0.000000
 1.775000 0.000000 0.000000
 1.777500 0.000000 0.000000
 1.780000 0.000000 0.000000
 1.782500 0.000000 0.000000
 1.785000 0.000000 0.000000
 1.787500 0.000000 0.000000
 1.790000 0.000000 0.000000
 1.792500 0.000000 0.000000
 1.795000 0.000000 0.000000
 1.797500 0.000000 0.000000
 1.800000 0.000000 0.000000
 1.802500 0.000000 0.000000
 1.805000 0.000000 0.000000
 1.807500 0.000000 0.000000
 1.810000 0.000000 0.000000
 1.812500 0.000000 0.000000
 1.815000 0.000000 0.000000
 1.817500 0.000000 0.000000
 1.820000 0.000000 0.000000
 1.822500 0.000000 0.000000
 1.825000 0.000000 0.000000
 1.827500 0.000000 0.000000
 1.830000 0.000000 0.000000
 1.832500 0.000000 0.000000
 1.835000 0.000000 0.000000
 1.837500 0.000000 0.000000
 1.840000 0.000000 0.000000
 1.842500 0.000000 0.000000
 1.845000 0.000000 0.000000
 1.847500 0.000000 0.000000
 1.850000 0.000000 0.000000
 1.852500 0.000000 0.000000
 1.855000 0.000000 0.000000
 1.857500 0.000000 0.000000
 1.860000 0.000000 0.000000
 1.862500 0.000000 0.000000
 1.865000 0.000000 0.000000
 1.867500 0.000000 0.000000
 1.870000 0.000000 0.000000
 1.872500 0.000000 0.000000
 1.875000 0.000000 0.000000
 1.877500 0.000000 0.000000
 1.880000 0.000000 0.000000
 1.882500 0.000000 0.000000
 1.885000 0.000000 0.000000
 1.887500 0.000000 0.000000
 1.890000 0.000000 0.000000
 1.892500 0.000000 0.000000
 1.895000 0.000000 0.000000
 1.897500 0.000000 0.000000
 1.900000 0.000000 0.000000
 1.902500 0.000000 0.000000
 1.905000 0.000000 0.000000
 1.907500 0.000000 0.000000
 1.910000 0.000000 0.000000
 1.912500 0.000000 0.000000
 1.915000 0.000000 0.000000
 1.917500 0.000000 0.000000
 1.920000 0.000000 0.000000
 1.922500 0.000000 0.000000
 1.925000 0.000000 0.000000
 1.927500 0.000000 0.000000
 1.930000 0.000000 0.000000
 1.932500 0.000000 0.000000
 1.935000 0.000000 0.000000
 1.937500 0.000000 0.000000
 1.940000 0.000000 0.000000
 1.942500 0.000000 0.000000
 1.945000 0.000000 0.000000
 1.947500 0.000000 0.000000
 1.950000 0.000000 0.000000
 1.952500 0.000000 0.000000
 1.955000 0.000000 0.000000
 1.957500 0.000000 0.000000
 1.960000 0.000000 0.000000
 1.962500 0.000000 0.000000
 1.965000 0.000000 0.000000
 1.967500 0.000000 0.000000
 1.970000 0.000000 0.000000
 1.972500 0.000000 0.000000
 1.975000 0.000000 0.000000
 1.977500 0.000000 0.000000
 1.980000 0.000000 0.000000
 1.982500 0.000000 0.000000
 1.985000 0.000000 0.000000
 1.987500 0.000000 0.000000
 1.990000 0.000000 0.000000
 1.992500 0.000000 0.000000
 1.995000 0.000000 0.000000
 1.997500 0.000000 0.000000
 2.000000 0.000000 0.000000
