#! FIELDS es hh dhh_es
#! SET normalisation  200.000000
#! SET min_es -0.5
#! SET max_es 2
#! SET nbins_es  1000
#! SET periodic_es false
 -0.500000 0.000000 0.000000
 -0.497500 0.000000 0.000000
 -0.495000 0.000000 0.000000
 -0.492500 0.000000 0.000000
 -0.490000 0.000000 0.000000
 -0.487500 0.000000 0.000000
 -0.485000 0.000000 0.000000
 -0.482500 0.000000 0.000000
 -0.480000 0.000000 0.000000
 -0.477500 0.000000 0.000000
 -0.475000 0.000000 0.000000
 -0.472500 0.000000 0.000000
 -0.470000 0.000000 0.000000
 -0.467500 0.000000 0.000000
 -0.465000 0.000000 0.000000
 -0.462500 0.000000 0.000000
 -0.460000 0.000000 0.000000
 -0.457500 0.000000 0.000000
 -0.455000 0.000000 0.000000
 -0.452500 0.000000 0.000000
 -0.450000 0.000000 0.000000
 -0.447500 0.000000 0.000000
 -0.445000 0.000000 0.000000
 -0.442500 0.000000 0.000000
 -0.440000 0.000000 0.000000
 -0.437500 0.000000 0.000000
 -0.435000 0.000000 0.000000
 -0.432500 0.000000 0.000000
 -0.430000 0.000000 0.000000
 -0.427500 0.000000 0.000000
 -0.425000 0.000000 0.000000
 -0.422500 0.000000 0.000000
 -0.420000 0.000000 0.000000
 -0.417500 0.000000 0.000000
 -0.415000 0.000000 0.000000
 -0.412500 0.000000 0.000000
 -0.410000 0.000000 0.000000
 -0.407500 0.000000 0.000000
 -0.405000 0.000000 0.000000
 -0.402500 0.000000 0.000000
 -0.400000 0.000000 0.000000
 -0.397500 0.000000 0.000000
 -0.395000 0.000000 0.000000
 -0.392500 0.000000 0.000000
 -0.390000 0.000000 0.000000
 -0.387500 0.000000 0.000000
 -0.385000 0.000000 0.000000
 -0.382500 0.000000 0.000000
 -0.380000 0.000000 0.000000
 -0.377500 0.000000 0.000000
 -0.375000 0.000000 0.000000
 -0.372500 0.000000 0.000000
 -0.370000 0.000000 0.000000
 -0.367500 0.000000 0.000000
 -0.365000 0.000000 0.000000
 -0.362500 0.000000 0.000000
 -0.360000 0.000000 0.000000
 -0.357500 0.000000 0.000000
 -0.355000 0.000000 0.000000
 -0.352500 0.000000 0.000000
 -0.350000 0.000000 0.000000
 -0.347500 0.000000 0.000000
 -0.345000 0.000000 0.000000
 -0.342500 0.000000 0.000000
 -0.340000 0.000000 0.000000
 -0.337500 0.000000 0.000000
 -0.335000 0.000000 0.000000
 -0.332500 0.000000 0.000000
 -0.330000 0.000000 0.000000
 -0.327500 0.000000 0.000000
 -0.325000 0.000000 0.000000
 -0.322500 0.000000 0.000000
 -0.320000 0.000000 0.000000
 -0.317500 0.000000 0.000000
 -0.315000 0.000000 0.000000
 -0.312500 0.000000 0.000000
 -0.310000 0.000000 0.000000
 -0.307500 0.000000 0.000000
 -0.305000 0.000000 0.000000
 -0.302500 0.000000 0.000000
 -0.300000 0.000000 0.000000
 -0.297500 0.000000 0.000000
 -0.295000 0.000000 0.000000
 -0.292500 0.000000 0.000000
 -0.290000 0.000000 0.000000
 -0.287500 0.000000 0.000000
 -0.285000 0.000000 0.000000
 -0.282500 0.000000 0.000000
 -0.280000 0.000000 0.000000
 -0.277500 0.000000 0.000000
 -0.275000 0.000000 0.000000
 -0.272500 0.000000 0.000000
 -0.270000 0.000000 0.000000
 -0.267500 0.000000 0.000000
 -0.265000 0.000000 0.000000
 -0.262500 0.000000 0.000000
 -0.260000 0.000000 0.000000
 -0.257500 0.000000 0.000000
 -0.255000 0.000000 0.000000
 -0.252500 0.000000 0.000000
 -0.250000 0.000000 0.000000
 -0.247500 0.000000 0.000000
 -0.245000 0.000000 0.000000
 -0.242500 0.000000 0.000000
 -0.240000 0.000000 0.000000
 -0.237500 0.000000 0.000000
 -0.235000 0.000000 0.000000
 -0.232500 0.000000 0.000000
 -0.230000 0.000000 0.000000
 -0.227500 0.000000 0.000000
 -0.225000 0.000000 0.000000
 -0.222500 0.000000 0.000000
 -0.220000 0.000000 0.000000
 -0.217500 0.000000 0.000000
 -0.215000 0.000000 0.000000
 -0.212500 0.000000 0.000000
 -0.210000 0.000000 0.000000
 -0.207500 0.000000 0.000000
 -0.205000 0.000000 0.000000
 -0.202500 0.000000 0.000000
 -0.200000 0.000000 0.000000
 -0.197500 0.000000 0.000000
 -0.195000 0.000000 0.000000
 -0.192500 0.000000 0.000000
 -0.190000 0.000000 0.000000
 -0.187500 0.000000 0.000000
 -0.185000 0.000000 0.000000
 -0.182500 0.000000 0.000000
 -0.180000 0.000000 0.000000
 -0.177500 0.000000 0.000000
 -0.175000 0.000000 0.000000
 -0.172500 0.000000 0.000000
 -0.170000 0.000000 0.000000
 -0.167500 0.000000 0.000000
 -0.165000 0.000000 0.000000
 -0.162500 0.000000 0.000000
 -0.160000 0.000000 0.000000
 -0.157500 0.000000 0.000000
 -0.155000 0.000000 0.000000
 -0.152500 0.000000 0.000000
 -0.150000 0.000000 0.000000
 -0.147500 0.000000 0.000000
 -0.145000 0.000000 0.000000
 -0.142500 0.000000 0.000000
 -0.140000 0.000000 0.000000
 -0.137500 0.000000 0.000000
 -0.135000 0.000000 0.000000
 -0.132500 0.000000 0.000000
 -0.130000 0.000000 0.000000
 -0.127500 0.000000 0.000000
 -0.125000 0.000000 0.000000
 -0.122500 0.000000 0.000000
 -0.120000 0.000000 0.000000
 -0.117500 0.000000 0.000000
 -0.115000 0.000000 0.000000
 -0.112500 0.000000 0.000000
 -0.110000 0.000000 0.000000
 -0.107500 0.000000 0.000000
 -0.105000 0.000000 0.000000
 -0.102500 0.000000 0.000000
 -0.100000 0.000000 0.000000
 -0.097500 0.000000 0.000000
 -0.095000 0.000000 0.000000
 -0.092500 0.000000 0.000000
 -0.090000 0.000000 0.000000
 -0.087500 0.000000 0.000000
 -0.085000 0.000000 0.000000
 -0.082500 0.000000 0.000000
 -0.080000 0.000000 0.000000
 -0.077500 0.000000 0.000000
 -0.075000 0.000000 0.000000
 -0.072500 0.000000 0.000000
 -0.070000 0.000000 0.000000
 -0.067500 0.000000 0.000000
 -0.065000 0.000000 0.000000
 -0.062500 0.000000 0.000000
 -0.060000 0.000000 0.000000
 -0.057500 0.000000 0.000000
 -0.055000 0.000000 0.000000
 -0.052500 0.000000 0.000000
 -0.050000 0.000000 0.000000
 -0.047500 0.000000 0.000000
 -0.045000 0.000000 0.000000
 -0.042500 0.000000 0.000000
 -0.040000 0.000000 0.000000
 -0.037500 0.000000 0.000000
 -0.035000 0.000000 0.000000
 -0.032500 0.000000 0.000000
 -0.030000 0.000000 0.000000
 -0.027500 0.000000 0.000000
 -0.025000 0.000000 0.000000
 -0.022500 0.000000 0.000000
 -0.020000 0.000000 0.000000
 -0.017500 0.000000 0.000000
 -0.015000 0.000000 0.000000
 -0.012500 0.000000 0.000000
 -0.010000 0.000000 0.000000
 -0.007500 0.000000 0.000000
 -0.005000 0.000000 0.000000
 -0.002500 0.000000 0.000000
 0.000000 0.000000 0.000000
 0.002500 0.000000 0.000000
 0.005000 0.000001 0.000260
 0.007500 0.000002 0.000609
 0.010000 0.000004 0.001489
 0.012500 0.000010 0.003101
 0.015000 0.000021 0.006048
 0.017500 0.000042 0.011038
 0.020000 0.000079 0.018840
 0.022500 0.000141 0.030707
 0.025000 0.000238 0.046932
 0.027500 0.000383 0.068370
 0.030000 0.000587 0.094404
 0.032500 0.000863 0.126299
 0.035000 0.001231 0.167250
 0.037500 0.001718 0.222672
 0.040000 0.002373 0.303774
 0.042500 0.003277 0.424354
 0.045000 0.004552 0.602394
 0.047500 0.006362 0.853423
 0.050000 0.008896 1.183924
 0.052500 0.012360 1.593360
 0.055000 0.016936 2.068282
 0.057500 0.022755 2.584159
 0.060000 0.029892 3.115854
 0.062500 0.038352 3.639286
 0.065000 0.048099 4.142708
 0.067500 0.059089 4.631602
 0.070000 0.071298 5.123200
 0.072500 0.084781 5.654843
 0.075000 0.099688 6.270196
 0.077500 0.116293 7.018613
 0.080000 0.134985 7.944226
 0.082500 0.156241 9.074123
 0.085000 0.180586 10.414164
 0.087500 0.208536 11.947797
 0.090000 0.240522 13.627397
 0.092500 0.276810 15.377465
 0.095000 0.317469 17.108092
 0.097500 0.362343 18.728168
 0.100000 0.411036 20.152568
 0.102500 0.462985 21.323119
 0.105000 0.517530 22.227983
 0.107500 0.574018 22.891487
 0.110000 0.631939 23.387443
 0.112500 0.690999 23.816227
 0.115000 0.751149 24.269096
 0.117500 0.812532 24.809869
 0.120000 0.875404 25.456599
 0.122500 0.940015 26.186353
 0.125000 1.006481 26.937065
 0.127500 1.074780 27.644312
 0.130000 1.144759 28.279394
 0.132500 1.216227 28.841281
 0.135000 1.289042 29.363000
 0.137500 1.363153 29.897775
 0.140000 1.438695 30.497727
 0.142500 1.515805 31.155654
 0.145000 1.594580 31.817893
 0.147500 1.674901 32.363269
 0.150000 1.756254 32.645396
 0.152500 1.837865 32.546379
 0.155000 1.918685 32.024671
 0.157500 1.997752 31.165942
 0.160000 2.074440 30.149783
 0.162500 2.148633 29.214636
 0.165000 2.220801 28.567991
 0.167500 2.291802 28.289142
 0.170000 2.362492 28.285185
 0.172500 2.433299 28.340702
 0.175000 2.504027 28.190395
 0.177500 2.573902 27.638482
 0.180000 2.641844 26.657002
 0.182500 2.706933 25.412338
 0.185000 2.768868 24.174387
 0.187500 2.828017 23.227648
 0.190000 2.885304 22.701583
 0.192500 2.941769 22.553608
 0.195000 2.998098 22.556993
 0.197500 3.054363 22.457728
 0.200000 3.109997 22.060401
 0.202500 3.164228 21.318315
 0.205000 3.216274 20.343222
 0.207500 3.265796 19.343014
 0.210000 3.312941 18.479985
 0.212500 3.358219 17.848558
 0.215000 3.402198 17.432278
 0.217500 3.445290 17.153143
 0.220000 3.487722 16.884562
 0.222500 3.529430 16.564498
 0.225000 3.570170 16.125093
 0.227500 3.609649 15.487704
 0.230000 3.647175 14.570245
 0.232500 3.681925 13.225427
 0.235000 3.712627 11.359877
 0.237500 3.737982 8.977137
 0.240000 3.756888 6.237660
 0.242500 3.768885 3.526978
 0.245000 3.774605 1.307299
 0.247500 3.775839 -0.021470
 0.250000 3.775084 -0.262460
 0.252500 3.775036 0.481853
 0.255000 3.777693 1.849285
 0.257500 3.783983 3.287421
 0.260000 3.793422 4.302580
 0.262500 3.804459 4.555563
 0.265000 3.815048 3.955799
 0.267500 3.823251 2.655142
 0.270000 3.827613 0.958938
 0.272500 3.827561 -0.819734
 0.275000 3.823224 -2.434592
 0.277500 3.815170 -3.795020
 0.280000 3.803989 -4.930107
 0.282500 3.790081 -6.007377
 0.285000 3.773370 -7.197755
 0.287500 3.753425 -8.630961
 0.290000 3.729570 -10.304075
 0.292500 3.701377 -12.075414
 0.295000 3.668882 -13.710601
 0.297500 3.632726 -14.952970
 0.300000 3.594152 -15.596379
 0.302500 3.554770 -15.623157
 0.305000 3.515963 -15.142691
 0.307500 3.478740 -14.441498
 0.310000 3.443221 -13.817234
 0.312500 3.408875 -13.543882
 0.315000 3.374624 -13.731021
 0.317500 3.339369 -14.338190
 0.320000 3.302259 -15.172365
 0.322500 3.263055 -15.982250
 0.325000 3.222070 -16.526876
 0.327500 3.180216 -16.688595
 0.330000 3.138486 -16.427434
 0.332500 3.097829 -15.847408
 0.335000 3.058867 -15.114173
 0.337500 3.021691 -14.469482
 0.340000 2.985770 -14.161403
 0.342500 2.949966 -14.419222
 0.345000 2.912649 -15.349941
 0.347500 2.872155 -16.962621
 0.350000 2.827016 -19.028923
 0.352500 2.776498 -21.177490
 0.355000 2.720979 -22.967729
 0.357500 2.661823 -24.013051
 0.360000 2.601281 -24.063727
 0.362500 2.541894 -23.095696
 0.365000 2.486037 -21.298701
 0.367500 2.435402 -19.015800
 0.370000 2.390661 -16.606271
 0.372500 2.351692 -14.456290
 0.375000 2.317504 -12.847327
 0.377500 2.286457 -11.941762
 0.380000 2.256738 -11.815885
 0.382500 2.226351 -12.441404
 0.385000 2.193578 -13.694227
 0.387500 2.157097 -15.373914
 0.390000 2.116165 -17.201192
 0.392500 2.070830 -18.855370
 0.395000 2.021880 -20.051040
 0.397500 1.970706 -20.624734
 0.400000 1.918939 -20.533593
 0.402500 1.868149 -19.897783
 0.405000 1.819424 -18.907034
 0.407500 1.773385 -17.786695
 0.410000 1.730135 -16.704734
 0.412500 1.689452 -15.732544
 0.415000 1.651034 -14.886285
 0.417500 1.614612 -14.133716
 0.420000 1.579998 -13.442619
 0.422500 1.547034 -12.812814
 0.425000 1.515539 -12.269455
 0.427500 1.485249 -11.859828
 0.430000 1.455778 -11.618087
 0.432500 1.426664 -11.565009
 0.435000 1.397471 -11.716507
 0.437500 1.367692 -12.026582
 0.440000 1.336971 -12.468399
 0.442500 1.305031 -12.981078
 0.445000 1.271774 -13.516268
 0.447500 1.237258 -13.991979
 0.450000 1.201703 -14.312844
 0.452500 1.165607 -14.409192
 0.455000 1.129652 -14.221312
 0.457500 1.094542 -13.721203
 0.460000 1.061058 -12.953603
 0.462500 1.029731 -11.991875
 0.465000 1.000907 -10.975943
 0.467500 0.974548 -10.056919
 0.470000 0.950251 -9.327900
 0.472500 0.927460 -8.862072
 0.475000 0.905511 -8.655934
 0.477500 0.883805 -8.655681
 0.480000 0.861925 -8.777578
 0.482500 0.839673 -8.951908
 0.485000 0.816981 -9.122651
 0.487500 0.793893 -9.267066
 0.490000 0.770498 -9.373961
 0.492500 0.746898 -9.429405
 0.495000 0.723251 -9.400072
 0.497500 0.699832 -9.236859
 0.500000 0.677060 -8.891794
 0.502500 0.655407 -8.341236
 0.505000 0.635366 -7.614692
 0.507500 0.617255 -6.809474
 0.510000 0.601117 -6.066289
 0.512500 0.586609 -5.529197
 0.515000 0.573070 -5.307297
 0.517500 0.559641 -5.440244
 0.520000 0.545476 -5.873339
 0.522500 0.529991 -6.487973
 0.525000 0.512916 -7.106386
 0.527500 0.494471 -7.569402
 0.530000 0.475215 -7.739614
 0.532500 0.455955 -7.551543
 0.535000 0.437607 -7.040573
 0.537500 0.420866 -6.280542
 0.540000 0.406195 -5.408708
 0.542500 0.393687 -4.567934
 0.545000 0.383116 -3.892961
 0.547500 0.373957 -3.449385
 0.550000 0.365589 -3.249438
 0.552500 0.357453 -3.247902
 0.555000 0.349163 -3.366123
 0.557500 0.340522 -3.506834
 0.560000 0.331575 -3.599684
 0.562500 0.322499 -3.611824
 0.565000 0.313513 -3.538914
 0.567500 0.304795 -3.394590
 0.570000 0.296490 -3.217736
 0.572500 0.288642 -3.038306
 0.575000 0.281223 -2.880135
 0.577500 0.274150 -2.760751
 0.580000 0.267309 -2.705913
 0.582500 0.260522 -2.717632
 0.585000 0.253615 -2.799887
 0.587500 0.246420 -2.940434
 0.590000 0.238810 -3.126515
 0.592500 0.230710 -3.331672
 0.595000 0.222104 -3.531242
 0.597500 0.213038 -3.692539
 0.600000 0.203640 -3.788956
 0.602500 0.194112 -3.794175
 0.605000 0.184719 -3.686005
 0.607500 0.175745 -3.454185
 0.610000 0.167485 -3.122206
 0.612500 0.160129 -2.736596
 0.615000 0.153735 -2.368878
 0.617500 0.148175 -2.085711
 0.620000 0.143165 -1.932871
 0.622500 0.138349 -1.924930
 0.625000 0.133395 -2.034884
 0.627500 0.128079 -2.207220
 0.630000 0.122332 -2.369940
 0.632500 0.116253 -2.463620
 0.635000 0.110067 -2.456423
 0.637500 0.104026 -2.344272
 0.640000 0.098372 -2.156607
 0.642500 0.093245 -1.929465
 0.645000 0.088698 -1.697259
 0.647500 0.084711 -1.486968
 0.650000 0.081219 -1.303212
 0.652500 0.078162 -1.138809
 0.655000 0.075500 -0.982037
 0.657500 0.073226 -0.832161
 0.660000 0.071311 -0.693399
 0.662500 0.069710 -0.585196
 0.665000 0.068317 -0.527165
 0.667500 0.066992 -0.536739
 0.670000 0.065556 -0.613295
 0.672500 0.063861 -0.743304
 0.675000 0.061806 -0.893908
 0.677500 0.059390 -1.027963
 0.680000 0.056694 -1.114894
 0.682500 0.053859 -1.136365
 0.685000 0.051046 -1.100413
 0.687500 0.048375 -1.025146
 0.690000 0.045912 -0.941366
 0.692500 0.043649 -0.871480
 0.695000 0.041531 -0.823362
 0.697500 0.039507 -0.792745
 0.700000 0.037555 -0.764839
 0.702500 0.035687 -0.720869
 0.705000 0.033961 -0.649869
 0.707500 0.032452 -0.549612
 0.710000 0.031224 -0.426328
 0.712500 0.030317 -0.292198
 0.715000 0.029742 -0.164746
 0.717500 0.029465 -0.057674
 0.720000 0.029416 0.013636
 0.722500 0.029488 0.040165
 0.725000 0.029561 0.013585
 0.727500 0.029508 -0.063419
 0.730000 0.029210 -0.177459
 0.732500 0.028599 -0.308718
 0.735000 0.027661 -0.435079
 0.737500 0.026437 -0.536113
 0.740000 0.025007 -0.598391
 0.742500 0.023475 -0.619876
 0.745000 0.021935 -0.604873
 0.747500 0.020465 -0.566514
 0.750000 0.019106 -0.517206
 0.752500 0.017873 -0.468970
 0.755000 0.016749 -0.429780
 0.757500 0.015708 -0.403629
 0.760000 0.014717 -0.388701
 0.762500 0.013755 -0.381139
 0.765000 0.012810 -0.371874
 0.767500 0.011896 -0.355572
 0.770000 0.011036 -0.326834
 0.772500 0.010264 -0.287364
 0.775000 0.009602 -0.239623
 0.777500 0.009061 -0.191595
 0.780000 0.008634 -0.152899
 0.782500 0.008283 -0.129883
 0.785000 0.007966 -0.124901
 0.787500 0.007641 -0.134240
 0.790000 0.007286 -0.148963
 0.792500 0.006903 -0.154609
 0.795000 0.006529 -0.138451
 0.797500 0.006229 -0.097278
 0.800000 0.006059 -0.034647
 0.802500 0.006058 0.035126
 0.805000 0.006221 0.092700
 0.807500 0.006494 0.120048
 0.810000 0.006787 0.107591
 0.812500 0.006997 0.055293
 0.815000 0.007037 -0.025827
 0.817500 0.006857 -0.118160
 0.820000 0.006453 -0.202401
 0.822500 0.005864 -0.264142
 0.825000 0.005158 -0.294786
 0.827500 0.004415 -0.293084
 0.830000 0.003710 -0.264309
 0.832500 0.003107 -0.215857
 0.835000 0.002643 -0.153288
 0.837500 0.002347 -0.082834
 0.840000 0.002230 -0.010647
 0.842500 0.002290 0.056230
 0.845000 0.002500 0.108802
 0.847500 0.002813 0.138571
 0.850000 0.003166 0.138101
 0.852500 0.003478 0.107069
 0.855000 0.003678 0.051138
 0.857500 0.003720 -0.017906
 0.860000 0.003589 -0.084916
 0.862500 0.003308 -0.135357
 0.865000 0.002932 -0.161527
 0.867500 0.002522 -0.162193
 0.870000 0.002137 -0.143449
 0.872500 0.001812 -0.115119
 0.875000 0.001560 -0.087816
 0.877500 0.001367 -0.068182
 0.880000 0.001210 -0.058664
 0.882500 0.001066 -0.057479
 0.885000 0.000919 -0.060410
 0.887500 0.000765 -0.062982
 0.890000 0.000607 -0.062133
 0.892500 0.000457 -0.056631
 0.895000 0.000325 -0.047855
 0.897500 0.000217 -0.036968
 0.900000 0.000138 -0.026861
 0.902500 0.000082 -0.018034
 0.905000 0.000046 -0.011227
 0.907500 0.000024 -0.006498
 0.910000 0.000012 -0.003502
 0.912500 0.000006 -0.001761
 0.915000 0.000002 -0.000827
 0.917500 0.000001 -0.000363
 0.920000 0.000000 0.000000
 0.922500 0.000000 0.000000
 0.925000 0.000000 0.000000
 0.927500 0.000000 0.000000
 0.930000 0.000000 0.000000
 0.932500 0.000000 0.000000
 0.935000 0.000000 0.000000
 0.937500 0.000000 0.000000
 0.940000 0.000000 0.000000
 0.942500 0.000000 0.000000
 0.945000 0.000000 0.000000
 0.947500 0.000000 0.000000
 0.950000 0.000000 0.000000
 0.952500 0.000000 0.000000
 0.955000 0.000000 0.000000
 0.957500 0.000000 0.000000
 0.960000 0.000000 0.000000
 0.962500 0.000000 0.000000
 0.965000 0.000000 0.000000
 0.967500 0.000000 0.000000
 0.970000 0.000000 0.000000
 0.972500 0.000000 0.000000
 0.975000 0.000000 0.000000
 0.977500 0.000000 0.000000
 0.980000 0.000000 0.000000
 0.982500 0.000000 0.000000
 0.985000 0.000000 0.000000
 0.987500 0.000000 0.000000
 0.990000 0.000000 0.000000
 0.992500 0.000000 0.000000
 0.995000 0.000000 0.000000
 0.997500 0.000000 0.000000
 1.000000 0.000000 0.000000
 1.002500 0.000000 0.000000
 1.005000 0.000000 0.000000
 1.007500 0.000000 0.000000
 1.010000 0.000000 0.000000
 1.012500 0.000000 0.000000
 1.015000 0.000000 0.000000
 1.017500 0.000000 0.000000
 1.020000 0.000000 0.000000
 1.022500 0.000000 0.000000
 1.025000 0.000000 0.000000
 1.027500 0.000000 0.000000
 1.030000 0.000000 0.000000
 1.032500 0.000000 0.000000
 1.035000 0.000000 0.000000
 1.037500 0.000000 0.000000
 1.040000 0.000000 0.000000
 1.042500 0.000000 0.000000
 1.045000 0.000000 0.000000
 1.047500 0.000000 0.000000
 1.050000 0.000000 0.000000
 1.052500 0.000000 0.000000
 1.055000 0.000000 0.000000
 1.057500 0.000000 0.000000
 1.060000 0.000000 0.000000
 1.062500 0.000000 0.000000
 1.065000 0.000000 0.000000
 1.067500 0.000000 0.000000
 1.070000 0.000000 0.000000
 1.072500 0.000000 0.000000
 1.075000 0.000000 0.000000
 1.077500 0.000000 0.000000
 1.080000 0.000000 0.000000
 1.082500 0.000000 0.000000
 1.085000 0.000000 0.000000
 1.087500 0.000000 0.000000
 1.090000 0.000000 0.000000
 1.092500 0.000000 0.000000
 1.095000 0.000000 0.000000
 1.097500 0.000000 0.000000
 1.100000 0.000000 0.000000
 1.102500 0.000000 0.000000
 1.105000 0.000000 0.000000
 1.107500 0.000000 0.000000
 1.110000 0.000000 0.000000
 1.112500 0.000000 0.000000
 1.115000 0.000000 0.000000
 1.117500 0.000000 0.000000
 1.120000 0.000000 0.000000
 1.122500 0.000000 0.000000
 1.125000 0.000000 0.000000
 1.127500 0.000000 0.000000
 1.130000 0.000000 0.000000
 1.132500 0.000000 0.000000
 1.135000 0.000000 0.000000
 1.137500 0.000000 0.000000
 1.140000 0.000000 0.000000
 1.142500 0.000000 0.000000
 1.145000 0.000000 0.000000
 1.147500 0.000000 0.000000
 1.150000 0.000000 0.000000
 1.152500 0.000000 0.000000
 1.155000 0.000000 0.000000
 1.157500 0.000000 0.000000
 1.160000 0.000000 0.000000
 1.162500 0.000000 0.000000
 1.165000 0.000000 0.000000
 1.167500 0.000000 0.000000
 1.170000 0.000000 0.000000
 1.172500 0.000000 0.000000
 1.175000 0.000000 0.000000
 1.177500 0.000000 0.000000
 1.180000 0.000000 0.000000
 1.182500 0.000000 0.000000
 1.185000 0.000000 0.000000
 1.187500 0.000000 0.000000
 1.190000 0.000000 0.000000
 1.192500 0.000000 0.000000
 1.195000 0.000000 0.000000
 1.197500 0.000000 0.000000
 1.200000 0.000000 0.000000
 1.202500 0.000000 0.000000
 1.205000 0.000000 0.000000
 1.207500 0.000000 0.000000
 1.210000 0.000000 0.000000
 1.212500 0.000000 0.000000
 1.215000 0.000000 0.000000
 1.217500 0.000000 0.000000
 1.220000 0.000000 0.000000
 1.222500 0.000000 0.000000
 1.225000 0.000000 0.000000
 1.227500 0.000000 0.000000
 1.230000 0.000000 0.000000
 1.232500 0.000000 0.000000
 1.235000 0.000000 0.000000
 1.237500 0.000000 0.000000
 1.240000 0.000000 0.000000
 1.242500 0.000000 0.000000
 1.245000 0.000000 0.000000
 1.247500 0.000000 0.000000
 1.250000 0.000000 0.000000
 1.252500 0.000000 0.000000
 1.255000 0.000000 0.000000
 1.257500 0.000000 0.000000
 1.260000 0.000000 0.000000
 1.262500 0.000000 0.000000
 1.265000 0.000000 0.000000
 1.267500 0.000000 0.000000
 1.270000 0.000000 0.000000
 1.272500 0.000000 0.000000
 1.275000 0.000000 0.000000
 1.277500 0.000000 0.000000
 1.280000 0.000000 0.000000
 1.282500 0.000000 0.000000
 1.285000 0.000000 0.000000
 1.287500 0.000000 0.000000
 1.290000 0.000000 0.000000
 1.292500 0.000000 0.000000
 1.295000 0.000000 0.000000
 1.297500 0.000000 0.000000
 1.300000 0.000000 0.000000
 1.302500 0.000000 0.000000
 1.305000 0.000000 0.000000
 1.307500 0.000000 0.000000
 1.310000 0.000000 0.000000
 1.312500 0.000000 0.000000
 1.315000 0.000000 0.000000
 1.317500 0.000000 0.000000
 1.320000 0.000000 0.000000
 1.322500 0.000000 0.000000
 1.325000 0.000000 0.000000
 1.327500 0.000000 0.000000
 1.330000 0.000000 0.000000
 1.332500 0.000000 0.000000
 1.335000 0.000000 0.000000
 1.337500 0.000000 0.000000
 1.340000 0.000000 0.000000
 1.342500 0.000000 0.000000
 1.345000 0.000000 0.000000
 1.347500 0.000000 0.000000
 1.350000 0.000000 0.000000
 1.352500 0.000000 0.000000
 1.355000 0.000000 0.000000
 1.357500 0.000000 0.000000
 1.360000 0.000000 0.000000
 1.362500 0.000000 0.000000
 1.365000 0.000000 0.000000
 1.367500 0.000000 0.000000
 1.370000 0.000000 0.000000
 1.372500 0.000000 0.000000
 1.375000 0.000000 0.000000
 1.377500 0.000000 0.000000
 1.380000 0.000000 0.000000
 1.382500 0.000000 0.000000
 1.385000 0.000000 0.000000
 1.387500 0.000000 0.000000
 1.390000 0.000000 0.000000
 1.392500 0.000000 0.000000
 1.395000 0.000000 0.000000
 1.397500 0.000000 0.000000
 1.400000 0.000000 0.000000
 1.402500 0.000000 0.000000
 1.405000 0.000000 0.000000
 1.407500 0.000000 0.000000
 1.410000 0.000000 0.000000
 1.412500 0.000000 0.000000
 1.415000 0.000000 0.000000
 1.417500 0.000000 0.000000
 1.420000 0.000000 0.000000
 1.422500 0.000000 0.000000
 1.425000 0.000000 0.000000
 1.427500 0.000000 0.000000
 1.430000 0.000000 0.000000
 1.432500 0.000000 0.000000
 1.435000 0.000000 0.000000
 1.437500 0.000000 0.000000
 1.440000 0.000000 0.000000
 1.442500 0.000000 0.000000
 1.445000 0.000000 0.000000
 1.447500 0.000000 0.000000
 1.450000 0.000000 0.000000
 1.452500 0.000000 0.000000
 1.455000 0.000000 0.000000
 1.457500 0.000000 0.000000
 1.460000 0.000000 0.000000
 1.462500 0.000000 0.000000
 1.465000 0.000000 0.000000
 1.467500 0.000000 0.000000
 1.470000 0.000000 0.000000
 1.472500 0.000000 0.000000
 1.475000 0.000000 0.000000
 1.477500 0.000000 0.000000
 1.480000 0.000000 0.000000
 1.482500 0.000000 0.000000
 1.485000 0.000000 0.000000
 1.487500 0.000000 0.000000
 1.490000 0.000000 0.000000
 1.492500 0.000000 0.000000
 1.495000 0.000000 0.000000
 1.497500 0.000000 0.000000
 1.500000 0.000000 0.000000
 1.502500 0.000000 0.000000
 1.505000 0.000000 0.000000
 1.507500 0.000000 0.000000
 1.510000 0.000000 0.000000
 1.512500 0.000000 0.000000
 1.515000 0.000000 0.000000
 1.517500 0.000000 0.000000
 1.520000 0.000000 0.000000
 1.522500 0.000000 0.000000
 1.525000 0.000000 0.000000
 1.527500 0.000000 0.000000
 1.530000 0.000000 0.000000
 1.532500 0.000000 0.000000
 1.535000 0.000000 0.000000
 1.537500 0.000000 0.000000
 1.540000 0.000000 0.000000
 1.542500 0.000000 0.000000
 1.545000 0.000000 0.000000
 1.547500 0.000000 0.000000
 1.550000 0.000000 0.000000
 1.552500 0.000000 0.000000
 1.555000 0.000000 0.000000
 1.557500 0.000000 0.000000
 1.560000 0.000000 0.000000
 1.562500 0.000000 0.000000
 1.565000 0.000000 0.000000
 1.567500 0.000000 0.000000
 1.570000 0.000000 0.000000
 1.572500 0.000000 0.000000
 1.575000 0.000000 0.000000
 1.577500 0.000000 0.000000
 1.580000 0.000000 0.000000
 1.582500 0.000000 0.000000
 1.585000 0.000000 0.000000
 1.587500 0.000000 0.000000
 1.590000 0.000000 0.000000
 1.592500 0.000000 0.000000
 1.595000 0.000000 0.000000
 1.597500 0.000000 0.000000
 1.600000 0.000000 0.000000
 1.602500 0.000000 0.000000
 1.605000 0.000000 0.000000
 1.607500 0.000000 0.000000
 1.610000 0.000000 0.000000
 1.612500 0.000000 0.000000
 1.615000 0.000000 0.000000
 1.617500 0.000000 0.000000
 1.620000 0.000000 0.000000
 1.622500 0.000000 0.000000
 1.625000 0.000000 0.000000
 1.627500 0.000000 0.000000
 1.630000 0.000000 0.000000
 1.632500 0.000000 0.000000
 1.635000 0.000000 0.000000
 1.637500 0.000000 0.000000
 1.640000 0.000000 0.000000
 1.642500 0.000000 0.000000
 1.645000 0.000000 0.000000
 1.647500 0.000000 0.000000
 1.650000 0.000000 0.000000
 1.652500 0.000000 0.000000
 1.655000 0.000000 0.000000
 1.657500 0.000000 0.000000
 1.660000 0.000000 0.000000
 1.662500 0.000000 0.000000
 1.665000 0.000000 0.000000
 1.667500 0.000000 0.000000
 1.670000 0.000000 0.000000
 1.672500 0.000000 0.000000
 1.675000 0.000000 0.000000
 1.677500 0.000000 0.000000
 1.680000 0.000000 0.000000
 1.682500 0.000000 0.000000
 1.685000 0.000000 0.000000
 1.687500 0.000000 0.000000
 1.690000 0.000000 0.000000
 1.692500 0.000000 0.000000
 1.695000 0.000000 0.000000
 1.697500 0.000000 0.000000
 1.700000 0.000000 0.000000
 1.702500 0.000000 0.000000
 1.705000 0.000000 0.000000
 1.707500 0.000000 0.000000
 1.710000 0.000000 0.000000
 1.712500 0.000000 0.000000
 1.715000 0.000000 0.000000
 1.717500 0.000000 0.000000
 1.720000 0.000000 0.000000
 1.722500 0.000000 0.000000
 1.725000 0.000000 0.000000
 1.727500 0.000000 0.000000
 1.730000 0.000000 0.000000
 1.732500 0.000000 0.000000
 1.735000 0.000000 0.000000
 1.737500 0.000000 0.000000
 1.740000 0.000000 0.000000
 1.742500 0.000000 0.000000
 1.745000 0.000000 0.000000
 1.747500 0.000000 0.000000
 1.750000 0.000000 0.000000
 1.752500 0.000000 0.000000
 1.755000 0.000000 0.000000
 1.757500 0.000000 0.000000
 1.760000 0.000000 0.000000
 1.762500 0.000000 0.000000
 1.765000 0.000000 0.000000
 1.767500 0.000000 0.000000
 1.770000 0.000000 0.000000
 1.772500 0.000000 0.000000
 1.775000 0.000000 0.000000
 1.777500 0.000000 0.000000
 1.780000 0.000000 0.000000
 1.782500 0.000000 0.000000
 1.785000 0.000000 0.000000
 1.787500 0.000000 0.000000
 1.790000 0.000000 0.000000
 1.792500 0.000000 0.000000
 1.795000 0.000000 0.000000
 1.797500 0.000000 0.000000
 1.800000 0.000000 0.000000
 1.802500 0.000000 0.000000
 1.805000 0.000000 0.000000
 1.807500 0.000000 0.000000
 1.810000 0.000000 0.000000
 1.812500 0.000000 0.000000
 1.815000 0.000000 0.000000
 1.817500 0.000000 0.000000
 1.820000 0.000000 0.000000
 1.822500 0.000000 0.000000
 1.825000 0.000000 0.000000
 1.827500 0.000000 0.000000
 1.830000 0.000000 0.000000
 1.832500 0.000000 0.000000
 1.835000 0.000000 0.000000
 1.837500 0.000000 0.000000
 1.840000 0.000000 0.000000
 1.842500 0.000000 0.000000
 1.845000 0.000000 0.000000
 1.847500 0.000000 0.000000
 1.850000 0.000000 0.000000
 1.852500 0.000000 0.000000
 1.855000 0.000000 0.000000
 1.857500 0.000000 0.000000
 1.860000 0.000000 0.000000
 1.862500 0.000000 0.000000
 1.865000 0.000000 0.000000
 1.867500 0.000000 0.000000
 1.870000 0.000000 0.000000
 1.872500 0.000000 0.000000
 1.875000 0.000000 0.000000
 1.877500 0.000000 0.000000
 1.880000 0.000000 0.000000
 1.882500 0.000000 0.000000
 1.885000 0.000000 0.000000
 1.887500 0.000000 0.000000
 1.890000 0.000000 0.000000
 1.892500 0.000000 0.000000
 1.895000 0.000000 0.000000
 1.897500 0.000000 0.000000
 1.900000 0.000000 0.000000
 1.902500 0.000000 0.000000
 1.905000 0.000000 0.000000
 1.907500 0.000000 0.000000
 1.910000 0.000000 0.000000
 1.912500 0.000000 0.000000
 1.915000 0.000000 0.000000
 1.917500 0.000000 0.000000
 1.920000 0.000000 0.000000
 1.922500 0.000000 0.000000
 1.925000 0.000000 0.000000
 1.927500 0.000000 0.000000
 1.930000 0.000000 0.000000
 1.932500 0.000000 0.000000
 1.935000 0.000000 0.000000
 1.937500 0.000000 0.000000
 1.940000 0.000000 0.000000
 1.942500 0.000000 0.000000
 1.945000 0.000000 0.000000
 1.947500 0.000000 0.000000
 1.950000 0.000000 0.000000
 1.952500 0.000000 0.000000
 1.955000 0.000000 0.000000
 1.957500 0.000000 0.000000
 1.960000 0.000000 0.000000
 1.962500 0.000000 0.000000
 1.965000 0.000000 0.000000
 1.967500 0.000000 0.000000
 1.970000 0.000000 0.000000
 1.972500 0.000000 0.000000
 1.975000 0.000000 0.000000
 1.977500 0.000000 0.000000
 1.980000 0.000000 0.000000
 1.982500 0.000000 0.000000
 1.985000 0.000000 0.000000
 1.987500 0.000000 0.000000
 1.990000 0.000000 0.000000
 1.992500 0.000000 0.000000
 1.995000 0.000000 0.000000
 1.997500 0.000000 0.000000
 2.000000 0.000000 0.000000
