#! FIELDS es hh dhh_es
#! SET normalisation  200.000000
#! SET min_es -0.5
#! SET max_es 2
#! SET nbins_es  1000
#! SET periodic_es false
 -0.500000 0.000000 0.000000
 -0.497500 0.000000 0.000000
 -0.495000 0.000000 0.000000
 -0.492500 0.000000 0.000000
 -0.490000 0.000000 0.000000
 -0.487500 0.000000 0.000000
 -0.485000 0.000000 0.000000
 -0.482500 0.000000 0.000000
 -0.480000 0.000000 0.000000
 -0.477500 0.000000 0.000000
 -0.475000 0.000000 0.000000
 -0.472500 0.000000 0.000000
 -0.470000 0.000000 0.000000
 -0.467500 0.000000 0.000000
 -0.465000 0.000000 0.000000
 -0.462500 0.000000 0.000000
 -0.460000 0.000000 0.000000
 -0.457500 0.000000 0.000000
 -0.455000 0.000000 0.000000
 -0.452500 0.000000 0.000000
 -0.450000 0.000000 0.000000
 -0.447500 0.000000 0.000000
 -0.445000 0.000000 0.000000
 -0.442500 0.000000 0.000000
 -0.440000 0.000000 0.000000
 -0.437500 0.000000 0.000000
 -0.435000 0.000000 0.000000
 -0.432500 0.000000 0.000000
 -0.430000 0.000000 0.000000
 -0.427500 0.000000 0.000000
 -0.425000 0.000000 0.000000
 -0.422500 0.000000 0.000000
 -0.420000 0.000000 0.000000
 -0.417500 0.000000 0.000000
 -0.415000 0.000000 0.000000
 -0.412500 0.000000 0.000000
 -0.410000 0.000000 0.000000
 -0.407500 0.000000 0.000000
 -0.405000 0.000000 0.000000
 -0.402500 0.000000 0.000000
 -0.400000 0.000000 0.000000
 -0.397500 0.000000 0.000000
 -0.395000 0.000000 0.000000
 -0.392500 0.000000 0.000000
 -0.390000 0.000000 0.000000
 -0.387500 0.000000 0.000000
 -0.385000 0.000000 0.000000
 -0.382500 0.000000 0.000000
 -0.380000 0.000000 0.000000
 -0.377500 0.000000 0.000000
 -0.375000 0.000000 0.000000
 -0.372500 0.000000 0.000000
 -0.370000 0.000000 0.000000
 -0.367500 0.000000 0.000000
 -0.365000 0.000000 0.000000
 -0.362500 0.000000 0.000000
 -0.360000 0.000000 0.000000
 -0.357500 0.000000 0.000000
 -0.355000 0.000000 0.000000
 -0.352500 0.000000 0.000000
 -0.350000 0.000000 0.000000
 -0.347500 0.000000 0.000000
 -0.345000 0.000000 0.000000
 -0.342500 0.000000 0.000000
 -0.340000 0.000000 0.000000
 -0.337500 0.000000 0.000000
 -0.335000 0.000000 0.000000
 -0.332500 0.000000 0.000000
 -0.330000 0.000000 0.000000
 -0.327500 0.000000 0.000000
 -0.325000 0.000000 0.000000
 -0.322500 0.000000 0.000000
 -0.320000 0.000000 0.000000
 -0.317500 0.000000 0.000000
 -0.315000 0.000000 0.000000
 -0.312500 0.000000 0.000000
 -0.310000 0.000000 0.000000
 -0.307500 0.000000 0.000000
 -0.305000 0.000000 0.000000
 -0.302500 0.000000 0.000000
 -0.300000 0.000000 0.000000
 -0.297500 0.000000 0.000000
 -0.295000 0.000000 0.000000
 -0.292500 0.000000 0.000000
 -0.290000 0.000000 0.000000
 -0.287500 0.000000 0.000000
 -0.285000 0.000000 0.000000
 -0.282500 0.000000 0.000000
 -0.280000 0.000000 0.000000
 -0.277500 0.000000 0.000000
 -0.275000 0.000000 0.000000
 -0.272500 0.000000 0.000000
 -0.270000 0.000000 0.000000
 -0.267500 0.000000 0.000000
 -0.265000 0.000000 0.000000
 -0.262500 0.000000 0.000000
 -0.260000 0.000000 0.000000
 -0.257500 0.000000 0.000000
 -0.255000 0.000000 0.000000
 -0.252500 0.000000 0.000000
 -0.250000 0.000000 0.000000
 -0.247500 0.000000 0.000000
 -0.245000 0.000000 0.000000
 -0.242500 0.000000 0.000000
 -0.240000 0.000000 0.000000
 -0.237500 0.000000 0.000000
 -0.235000 0.000000 0.000000
 -0.232500 0.000000 0.000000
 -0.230000 0.000000 0.000000
 -0.227500 0.000000 0.000000
 -0.225000 0.000000 0.000000
 -0.222500 0.000000 0.000000
 -0.220000 0.000000 0.000000
 -0.217500 0.000000 0.000000
 -0.215000 0.000000 0.000000
 -0.212500 0.000000 0.000000
 -0.210000 0.000000 0.000000
 -0.207500 0.000000 0.000000
 -0.205000 0.000000 0.000000
 -0.202500 0.000000 0.000000
 -0.200000 0.000000 0.000000
 -0.197500 0.000000 0.000000
 -0.195000 0.000000 0.000000
 -0.192500 0.000000 0.000000
 -0.190000 0.000000 0.000000
 -0.187500 0.000000 0.000000
 -0.185000 0.000000 0.000000
 -0.182500 0.000000 0.000000
 -0.180000 0.000000 0.000000
 -0.177500 0.000000 0.000000
 -0.175000 0.000000 0.000000
 -0.172500 0.000000 0.000000
 -0.170000 0.000000 0.000000
 -0.167500 0.000000 0.000000
 -0.165000 0.000000 0.000000
 -0.162500 0.000000 0.000000
 -0.160000 0.000000 0.000000
 -0.157500 0.000000 0.000000
 -0.155000 0.000000 0.000000
 -0.152500 0.000000 0.000000
 -0.150000 0.000000 0.000000
 -0.147500 0.000000 0.000000
 -0.145000 0.000000 0.000000
 -0.142500 0.000000 0.000000
 -0.140000 0.000000 0.000000
 -0.137500 0.000000 0.000000
 -0.135000 0.000000 0.000000
 -0.132500 0.000000 0.000000
 -0.130000 0.000000 0.000000
 -0.127500 0.000000 0.000000
 -0.125000 0.000000 0.000000
 -0.122500 0.000000 0.000000
 -0.120000 0.000000 0.000000
 -0.117500 0.000000 0.000000
 -0.115000 0.000000 0.000000
 -0.112500 0.000000 0.000000
 -0.110000 0.000000 0.000000
 -0.107500 0.000000 0.000000
 -0.105000 0.000000 0.000000
 -0.102500 0.000000 0.000000
 -0.100000 0.000000 0.000000
 -0.097500 0.000000 0.000000
 -0.095000 0.000000 0.000000
 -0.092500 0.000000 0.000000
 -0.090000 0.000000 0.000000
 -0.087500 0.000000 0.000000
 -0.085000 0.000000 0.000000
 -0.082500 0.000000 0.000000
 -0.080000 0.000000 0.000000
 -0.077500 0.000000 0.000000
 -0.075000 0.000000 0.000000
 -0.072500 0.000000 0.000000
 -0.070000 0.000000 0.000000
 -0.067500 0.000000 0.000000
 -0.065000 0.000000 0.000000
 -0.062500 0.000000 0.000000
 -0.060000 0.000000 0.000000
 -0.057500 0.000000 0.000000
 -0.055000 0.000000 0.000000
 -0.052500 0.000000 0.000000
 -0.050000 0.000000 0.000000
 -0.047500 0.000000 0.000000
 -0.045000 0.000000 0.000000
 -0.042500 0.000000 0.000000
 -0.040000 0.000000 0.000000
 -0.037500 0.000000 0.000000
 -0.035000 0.000000 0.000000
 -0.032500 0.000000 0.000000
 -0.030000 0.000000 0.000000
 -0.027500 0.000000 0.000000
 -0.025000 0.000000 0.000144
 -0.022500 0.000002 0.000846
 -0.020000 0.000008 0.002999
 -0.017500 0.000029 0.010348
 -0.015000 0.000077 0.025861
 -0.012500 0.000187 0.059803
 -0.010000 0.000430 0.130218
 -0.007500 0.000917 0.261076
 -0.005000 0.001854 0.494421
 -0.002500 0.003563 0.886737
 0.000000 0.006542 1.515026
 0.002500 0.011473 2.463247
 0.005000 0.019284 3.827484
 0.007500 0.031118 5.692851
 0.010000 0.048323 8.127671
 0.012500 0.072363 11.161858
 0.015000 0.104739 14.785458
 0.017500 0.146866 18.940202
 0.020000 0.199934 23.515535
 0.022500 0.264817 28.362309
 0.025000 0.341977 33.301843
 0.027500 0.431392 38.134468
 0.030000 0.532561 42.666757
 0.032500 0.644506 46.721948
 0.035000 0.765839 50.157374
 0.037500 0.894891 52.883987
 0.040000 1.029823 54.862587
 0.042500 1.168802 56.113753
 0.045000 1.310031 56.672903
 0.047500 1.451853 56.597811
 0.050000 1.592776 55.957276
 0.052500 1.731460 54.826444
 0.055000 1.866813 53.314445
 0.057500 1.998076 51.576312
 0.060000 2.124877 49.784549
 0.062500 2.247278 48.092909
 0.065000 2.365736 46.633182
 0.067500 2.480828 45.412442
 0.070000 2.593071 44.328604
 0.072500 2.702601 43.211572
 0.075000 2.809046 41.839262
 0.077500 2.911531 40.031909
 0.080000 3.008832 37.690100
 0.082500 3.099602 34.835317
 0.085000 3.182708 31.599373
 0.087500 3.257442 28.191266
 0.090000 3.323722 24.859372
 0.092500 3.381978 21.824141
 0.095000 3.433148 19.232002
 0.097500 3.478447 17.136830
 0.100000 3.519074 15.500029
 0.102500 3.556111 14.254477
 0.105000 3.590421 13.300189
 0.107500 3.622682 12.609818
 0.110000 3.653493 12.171076
 0.112500 3.683522 11.979324
 0.115000 3.713311 11.978746
 0.117500 3.743224 12.032253
 0.120000 3.773045 11.905458
 0.122500 3.802019 11.291942
 0.125000 3.828647 10.012420
 0.127500 3.851195 8.061421
 0.130000 3.868222 5.636890
 0.132500 3.879010 3.159373
 0.135000 3.883979 1.078806
 0.137500 3.884630 -0.253296
 0.140000 3.883107 -0.703047
 0.142500 3.881439 -0.364741
 0.145000 3.881257 0.419273
 0.147500 3.883165 1.233523
 0.150000 3.886737 1.729628
 0.152500 3.890907 1.664612
 0.155000 3.894165 0.991648
 0.157500 3.895063 -0.187393
 0.160000 3.892559 -1.684911
 0.162500 3.886141 -3.277267
 0.165000 3.875846 -4.760809
 0.167500 3.862083 -5.999090
 0.170000 3.845577 -6.970315
 0.172500 3.826962 -7.704690
 0.175000 3.806759 -8.242007
 0.177500 3.785397 -8.668508
 0.180000 3.763072 -9.003293
 0.182500 3.740028 -9.237808
 0.185000 3.716572 -9.329275
 0.187500 3.693075 -9.265602
 0.190000 3.669948 -8.997346
 0.192500 3.647748 -8.574300
 0.195000 3.626747 -8.002931
 0.197500 3.607243 -7.395557
 0.200000 3.589225 -6.870655
 0.202500 3.572237 -6.579513
 0.205000 3.555504 -6.671799
 0.207500 3.537971 -7.261776
 0.210000 3.518321 -8.352675
 0.212500 3.495430 -9.828220
 0.215000 3.468602 -11.449278
 0.217500 3.437805 -12.938094
 0.220000 3.403721 -14.063014
 0.222500 3.367439 -14.667588
 0.225000 3.330322 -14.753271
 0.227500 3.293595 -14.394949
 0.230000 3.258155 -13.724910
 0.232500 3.224624 -12.900615
 0.235000 3.193168 -12.087267
 0.237500 3.163567 -11.455552
 0.240000 3.135143 -11.192923
 0.242500 3.106707 -11.466076
 0.245000 3.076816 -12.390793
 0.247500 3.043753 -13.951652
 0.250000 3.006127 -16.019668
 0.252500 2.962970 -18.310621
 0.255000 2.914134 -20.522576
 0.257500 2.860182 -22.372394
 0.260000 2.802290 -23.672267
 0.262500 2.741905 -24.341467
 0.265000 2.680567 -24.473223
 0.267500 2.619435 -24.199609
 0.270000 2.559269 -23.722980
 0.272500 2.500368 -23.228241
 0.275000 2.442563 -22.858381
 0.277500 2.385460 -22.657661
 0.280000 2.328692 -22.621078
 0.282500 2.271945 -22.627507
 0.285000 2.215184 -22.558541
 0.287500 2.158762 -22.360828
 0.290000 2.103040 -22.003618
 0.292500 2.048410 -21.509120
 0.295000 1.995128 -20.939769
 0.297500 1.943311 -20.352167
 0.300000 1.892948 -19.771114
 0.302500 1.844035 -19.210447
 0.305000 1.796521 -18.637055
 0.307500 1.750494 -18.046978
 0.310000 1.705962 -17.425418
 0.312500 1.663012 -16.808426
 0.315000 1.621556 -16.215971
 0.317500 1.581511 -15.688371
 0.320000 1.542712 -15.251059
 0.322500 1.504874 -14.878345
 0.325000 1.467923 -14.564958
 0.327500 1.431752 -14.260824
 0.330000 1.396364 -13.920766
 0.332500 1.361890 -13.532788
 0.335000 1.328431 -13.118787
 0.337500 1.296033 -12.687949
 0.340000 1.264683 -12.278731
 0.342500 1.234325 -11.919348
 0.345000 1.204801 -11.597663
 0.347500 1.176034 -11.326500
 0.350000 1.147893 -11.080794
 0.352500 1.120347 -10.868150
 0.355000 1.093310 -10.669577
 0.357500 1.066764 -10.487229
 0.360000 1.040627 -10.325583
 0.362500 1.014867 -10.210696
 0.365000 0.989299 -10.171863
 0.367500 0.963703 -10.239195
 0.370000 0.937813 -10.409720
 0.372500 0.911407 -10.650788
 0.375000 0.884388 -10.879281
 0.377500 0.856932 -10.979682
 0.380000 0.829493 -10.852704
 0.382500 0.802730 -10.437423
 0.385000 0.777358 -9.751345
 0.387500 0.753972 -8.873215
 0.390000 0.732874 -7.937094
 0.392500 0.714048 -7.088057
 0.395000 0.697116 -6.429821
 0.397500 0.681517 -6.020425
 0.400000 0.666634 -5.868969
 0.402500 0.651871 -5.911923
 0.405000 0.636822 -6.083810
 0.407500 0.621256 -6.321069
 0.410000 0.605062 -6.567333
 0.412500 0.588286 -6.800906
 0.415000 0.570954 -6.994954
 0.417500 0.553201 -7.152408
 0.420000 0.535119 -7.261030
 0.422500 0.516830 -7.313458
 0.425000 0.498496 -7.299136
 0.427500 0.480307 -7.196128
 0.430000 0.462495 -6.993836
 0.432500 0.445328 -6.685878
 0.435000 0.429051 -6.271690
 0.437500 0.413920 -5.790819
 0.440000 0.400044 -5.264404
 0.442500 0.387474 -4.757239
 0.445000 0.376116 -4.311433
 0.447500 0.365763 -3.945861
 0.450000 0.356212 -3.669629
 0.452500 0.347273 -3.456279
 0.455000 0.338831 -3.261665
 0.457500 0.330899 -3.048175
 0.460000 0.323542 -2.797094
 0.462500 0.316849 -2.527839
 0.465000 0.310801 -2.284989
 0.467500 0.305270 -2.134709
 0.470000 0.299943 -2.125141
 0.472500 0.294440 -2.278121
 0.475000 0.288363 -2.572307
 0.477500 0.281435 -2.957739
 0.480000 0.273521 -3.349073
 0.482500 0.264688 -3.679231
 0.485000 0.255153 -3.903315
 0.487500 0.245209 -4.014398
 0.490000 0.235109 -4.024734
 0.492500 0.225084 -3.968074
 0.495000 0.215261 -3.861124
 0.497500 0.205754 -3.712652
 0.500000 0.196685 -3.519641
 0.502500 0.188169 -3.264470
 0.505000 0.180365 -2.949664
 0.507500 0.173410 -2.594690
 0.510000 0.167354 -2.232090
 0.512500 0.162167 -1.903940
 0.515000 0.157730 -1.644854
 0.517500 0.153826 -1.467478
 0.520000 0.150255 -1.392811
 0.522500 0.146753 -1.411250
 0.525000 0.143086 -1.519215
 0.527500 0.139046 -1.709095
 0.530000 0.134450 -1.960243
 0.532500 0.129190 -2.238418
 0.535000 0.123246 -2.492983
 0.537500 0.116749 -2.676492
 0.540000 0.109921 -2.751486
 0.542500 0.103063 -2.706418
 0.545000 0.096459 -2.553145
 0.547500 0.090335 -2.328852
 0.550000 0.084818 -2.071555
 0.552500 0.079949 -1.812692
 0.555000 0.075717 -1.566504
 0.557500 0.072090 -1.324759
 0.560000 0.069074 -1.079568
 0.562500 0.066683 -0.825776
 0.565000 0.064924 -0.572196
 0.567500 0.063779 -0.345148
 0.570000 0.063141 -0.166964
 0.572500 0.062861 -0.058720
 0.575000 0.062757 -0.026133
 0.577500 0.062652 -0.061427
 0.580000 0.062394 -0.146458
 0.582500 0.061881 -0.263931
 0.585000 0.061047 -0.399290
 0.587500 0.059861 -0.546344
 0.590000 0.058308 -0.695158
 0.592500 0.056387 -0.832454
 0.595000 0.054145 -0.948885
 0.597500 0.051657 -1.030991
 0.600000 0.049022 -1.067261
 0.602500 0.046359 -1.053349
 0.605000 0.043791 -0.990489
 0.607500 0.041434 -0.886330
 0.610000 0.039375 -0.751332
 0.612500 0.037678 -0.601422
 0.615000 0.036356 -0.452537
 0.617500 0.035384 -0.327622
 0.620000 0.034676 -0.242697
 0.622500 0.034112 -0.213058
 0.625000 0.033554 -0.240701
 0.627500 0.032865 -0.311766
 0.630000 0.031963 -0.406402
 0.632500 0.030823 -0.499128
 0.635000 0.029478 -0.567466
 0.637500 0.028010 -0.596253
 0.640000 0.026525 -0.582731
 0.642500 0.025125 -0.530576
 0.645000 0.023889 -0.450706
 0.647500 0.022874 -0.358373
 0.650000 0.022090 -0.267561
 0.652500 0.021518 -0.190869
 0.655000 0.021110 -0.138179
 0.657500 0.020798 -0.115267
 0.660000 0.020504 -0.123459
 0.662500 0.020152 -0.159379
 0.665000 0.019680 -0.219160
 0.667500 0.019038 -0.292594
 0.670000 0.018204 -0.372731
 0.672500 0.017172 -0.449452
 0.675000 0.015965 -0.512595
 0.677500 0.014625 -0.553367
 0.680000 0.013220 -0.563522
 0.682500 0.011835 -0.536938
 0.685000 0.010564 -0.471669
 0.687500 0.009501 -0.373248
 0.690000 0.008715 -0.252229
 0.692500 0.008242 -0.126175
 0.695000 0.008070 -0.014413
 0.697500 0.008140 0.067027
 0.700000 0.008363 0.104994
 0.702500 0.008625 0.098670
 0.705000 0.008821 0.052918
 0.707500 0.008863 -0.020950
 0.710000 0.008701 -0.108288
 0.712500 0.008320 -0.194797
 0.715000 0.007739 -0.264630
 0.717500 0.007017 -0.307653
 0.720000 0.006230 -0.315204
 0.722500 0.005469 -0.286328
 0.725000 0.004823 -0.224509
 0.727500 0.004364 -0.139634
 0.730000 0.004134 -0.043868
 0.732500 0.004142 0.048472
 0.735000 0.004363 0.124008
 0.737500 0.004739 0.172460
 0.740000 0.005194 0.187696
 0.742500 0.005645 0.167423
 0.745000 0.006005 0.116770
 0.747500 0.006208 0.042878
 0.750000 0.006209 -0.042814
 0.752500 0.005992 -0.127656
 0.755000 0.005576 -0.201282
 0.757500 0.005003 -0.253552
 0.760000 0.004332 -0.278276
 0.762500 0.003637 -0.273711
 0.765000 0.002984 -0.243616
 0.767500 0.002432 -0.195956
 0.770000 0.002012 -0.139490
 0.772500 0.001735 -0.083092
 0.775000 0.001592 -0.032722
 0.777500 0.001563 0.009108
 0.780000 0.001629 0.042308
 0.782500 0.001769 0.069376
 0.785000 0.001970 0.091043
 0.787500 0.002217 0.106478
 0.790000 0.002492 0.111576
 0.792500 0.002763 0.103872
 0.795000 0.002997 0.081102
 0.797500 0.003156 0.045025
 0.800000 0.003214 0.000622
 0.802500 0.003159 -0.044451
 0.805000 0.002997 -0.083066
 0.807500 0.002753 -0.110076
 0.810000 0.002459 -0.123206
 0.812500 0.002149 -0.122836
 0.815000 0.001854 -0.111181
 0.817500 0.001599 -0.091523
 0.820000 0.001399 -0.067638
 0.822500 0.001260 -0.044147
 0.825000 0.001175 -0.024995
 0.827500 0.001129 -0.013561
 0.830000 0.001099 -0.011434
 0.832500 0.001064 -0.017830
 0.835000 0.001005 -0.029603
 0.837500 0.000914 -0.042946
 0.840000 0.000792 -0.053152
 0.842500 0.000651 -0.058337
 0.845000 0.000506 -0.057161
 0.847500 0.000370 -0.050729
 0.850000 0.000255 -0.041158
 0.852500 0.000165 -0.030571
 0.855000 0.000100 -0.021132
 0.857500 0.000057 -0.013530
 0.860000 0.000031 -0.008046
 0.862500 0.000016 -0.004453
 0.865000 0.000007 -0.002298
 0.867500 0.000003 -0.001107
 0.870000 0.000001 -0.000498
 0.872500 0.000000 0.000000
 0.875000 0.000000 0.000000
 0.877500 0.000000 0.000000
 0.880000 0.000000 0.000000
 0.882500 0.000000 0.000000
 0.885000 0.000000 0.000000
 0.887500 0.000000 0.000000
 0.890000 0.000000 0.000000
 0.892500 0.000000 0.000000
 0.895000 0.000000 0.000000
 0.897500 0.000000 0.000000
 0.900000 0.000000 0.000000
 0.902500 0.000000 0.000000
 0.905000 0.000000 0.000000
 0.907500 0.000000 0.000000
 0.910000 0.000000 0.000000
 0.912500 0.000000 0.000000
 0.915000 0.000000 0.000000
 0.917500 0.000000 0.000000
 0.920000 0.000000 0.000000
 0.922500 0.000000 0.000000
 0.925000 0.000000 0.000000
 0.927500 0.000000 0.000000
 0.930000 0.000000 0.000000
 0.932500 0.000000 0.000000
 0.935000 0.000000 0.000000
 0.937500 0.000000 0.000000
 0.940000 0.000000 0.000000
 0.942500 0.000000 0.000000
 0.945000 0.000000 0.000000
 0.947500 0.000000 0.000000
 0.950000 0.000000 0.000000
 0.952500 0.000000 0.000000
 0.955000 0.000000 0.000000
 0.957500 0.000000 0.000000
 0.960000 0.000000 0.000000
 0.962500 0.000000 0.000000
 0.965000 0.000000 0.000000
 0.967500 0.000000 0.000000
 0.970000 0.000000 0.000000
 0.972500 0.000000 0.000000
 0.975000 0.000000 0.000000
 0.977500 0.000000 0.000000
 0.980000 0.000000 0.000000
 0.982500 0.000000 0.000000
 0.985000 0.000000 0.000000
 0.987500 0.000000 0.000000
 0.990000 0.000000 0.000000
 0.992500 0.000000 0.000000
 0.995000 0.000000 0.000000
 0.997500 0.000000 0.000000
 1.000000 0.000000 0.000000
 1.002500 0.000000 0.000000
 1.005000 0.000000 0.000000
 1.007500 0.000000 0.000000
 1.010000 0.000000 0.000000
 1.012500 0.000000 0.000000
 1.015000 0.000000 0.000000
 1.017500 0.000000 0.000000
 1.020000 0.000000 0.000000
 1.022500 0.000000 0.000000
 1.025000 0.000000 0.000000
 1.027500 0.000000 0.000000
 1.030000 0.000000 0.000000
 1.032500 0.000000 0.000000
 1.035000 0.000000 0.000000
 1.037500 0.000000 0.000000
 1.040000 0.000000 0.000000
 1.042500 0.000000 0.000000
 1.045000 0.000000 0.000000
 1.047500 0.000000 0.000000
 1.050000 0.000000 0.000000
 1.052500 0.000000 0.000000
 1.055000 0.000000 0.000000
 1.057500 0.000000 0.000000
 1.060000 0.000000 0.000000
 1.062500 0.000000 0.000000
 1.065000 0.000000 0.000000
 1.067500 0.000000 0.000000
 1.070000 0.000000 0.000000
 1.072500 0.000000 0.000000
 1.075000 0.000000 0.000000
 1.077500 0.000000 0.000000
 1.080000 0.000000 0.000000
 1.082500 0.000000 0.000000
 1.085000 0.000000 0.000000
 1.087500 0.000000 0.000000
 1.090000 0.000000 0.000000
 1.092500 0.000000 0.000000
 1.095000 0.000000 0.000000
 1.097500 0.000000 0.000000
 1.100000 0.000000 0.000000
 1.102500 0.000000 0.000000
 1.105000 0.000000 0.000000
 1.107500 0.000000 0.000000
 1.110000 0.000000 0.000000
 1.112500 0.000000 0.000000
 1.115000 0.000000 0.000000
 1.117500 0.000000 0.000000
 1.120000 0.000000 0.000000
 1.122500 0.000000 0.000000
 1.125000 0.000000 0.000000
 1.127500 0.000000 0.000000
 1.130000 0.000000 0.000000
 1.132500 0.000000 0.000000
 1.135000 0.000000 0.000000
 1.137500 0.000000 0.000000
 1.140000 0.000000 0.000000
 1.142500 0.000000 0.000000
 1.145000 0.000000 0.000000
 1.147500 0.000000 0.000000
 1.150000 0.000000 0.000000
 1.152500 0.000000 0.000000
 1.155000 0.000000 0.000000
 1.157500 0.000000 0.000000
 1.160000 0.000000 0.000000
 1.162500 0.000000 0.000000
 1.165000 0.000000 0.000000
 1.167500 0.000000 0.000000
 1.170000 0.000000 0.000000
 1.172500 0.000000 0.000000
 1.175000 0.000000 0.000000
 1.177500 0.000000 0.000000
 1.180000 0.000000 0.000000
 1.182500 0.000000 0.000000
 1.185000 0.000000 0.000000
 1.187500 0.000000 0.000000
 1.190000 0.000000 0.000000
 1.192500 0.000000 0.000000
 1.195000 0.000000 0.000000
 1.197500 0.000000 0.000000
 1.200000 0.000000 0.000000
 1.202500 0.000000 0.000000
 1.205000 0.000000 0.000000
 1.207500 0.000000 0.000000
 1.210000 0.000000 0.000000
 1.212500 0.000000 0.000000
 1.215000 0.000000 0.000000
 1.217500 0.000000 0.000000
 1.220000 0.000000 0.000000
 1.222500 0.000000 0.000000
 1.225000 0.000000 0.000000
 1.227500 0.000000 0.000000
 1.230000 0.000000 0.000000
 1.232500 0.000000 0.000000
 1.235000 0.000000 0.000000
 1.237500 0.000000 0.000000
 1.240000 0.000000 0.000000
 1.242500 0.000000 0.000000
 1.245000 0.000000 0.000000
 1.247500 0.000000 0.000000
 1.250000 0.000000 0.000000
 1.252500 0.000000 0.000000
 1.255000 0.000000 0.000000
 1.257500 0.000000 0.000000
 1.260000 0.000000 0.000000
 1.262500 0.000000 0.000000
 1.265000 0.000000 0.000000
 1.267500 0.000000 0.000000
 1.270000 0.000000 0.000000
 1.272500 0.000000 0.000000
 1.275000 0.000000 0.000000
 1.277500 0.000000 0.000000
 1.280000 0.000000 0.000000
 1.282500 0.000000 0.000000
 1.285000 0.000000 0.000000
 1.287500 0.000000 0.000000
 1.290000 0.000000 0.000000
 1.292500 0.000000 0.000000
 1.295000 0.000000 0.000000
 1.297500 0.000000 0.000000
 1.300000 0.000000 0.000000
 1.302500 0.000000 0.000000
 1.305000 0.000000 0.000000
 1.307500 0.000000 0.000000
 1.310000 0.000000 0.000000
 1.312500 0.000000 0.000000
 1.315000 0.000000 0.000000
 1.317500 0.000000 0.000000
 1.320000 0.000000 0.000000
 1.322500 0.000000 0.000000
 1.325000 0.000000 0.000000
 1.327500 0.000000 0.000000
 1.330000 0.000000 0.000000
 1.332500 0.000000 0.000000
 1.335000 0.000000 0.000000
 1.337500 0.000000 0.000000
 1.340000 0.000000 0.000000
 1.342500 0.000000 0.000000
 1.345000 0.000000 0.000000
 1.347500 0.000000 0.000000
 1.350000 0.000000 0.000000
 1.352500 0.000000 0.000000
 1.355000 0.000000 0.000000
 1.357500 0.000000 0.000000
 1.360000 0.000000 0.000000
 1.362500 0.000000 0.000000
 1.365000 0.000000 0.000000
 1.367500 0.000000 0.000000
 1.370000 0.000000 0.000000
 1.372500 0.000000 0.000000
 1.375000 0.000000 0.000000
 1.377500 0.000000 0.000000
 1.380000 0.000000 0.000000
 1.382500 0.000000 0.000000
 1.385000 0.000000 0.000000
 1.387500 0.000000 0.000000
 1.390000 0.000000 0.000000
 1.392500 0.000000 0.000000
 1.395000 0.000000 0.000000
 1.397500 0.000000 0.000000
 1.400000 0.000000 0.000000
 1.402500 0.000000 0.000000
 1.405000 0.000000 0.000000
 1.407500 0.000000 0.000000
 1.410000 0.000000 0.000000
 1.412500 0.000000 0.000000
 1.415000 0.000000 0.000000
 1.417500 0.000000 0.000000
 1.420000 0.000000 0.000000
 1.422500 0.000000 0.000000
 1.425000 0.000000 0.000000
 1.427500 0.000000 0.000000
 1.430000 0.000000 0.000000
 1.432500 0.000000 0.000000
 1.435000 0.000000 0.000000
 1.437500 0.000000 0.000000
 1.440000 0.000000 0.000000
 1.442500 0.000000 0.000000
 1.445000 0.000000 0.000000
 1.447500 0.000000 0.000000
 1.450000 0.000000 0.000000
 1.452500 0.000000 0.000000
 1.455000 0.000000 0.000000
 1.457500 0.000000 0.000000
 1.460000 0.000000 0.000000
 1.462500 0.000000 0.000000
 1.465000 0.000000 0.000000
 1.467500 0.000000 0.000000
 1.470000 0.000000 0.000000
 1.472500 0.000000 0.000000
 1.475000 0.000000 0.000000
 1.477500 0.000000 0.000000
 1.480000 0.000000 0.000000
 1.482500 0.000000 0.000000
 1.485000 0.000000 0.000000
 1.487500 0.000000 0.000000
 1.490000 0.000000 0.000000
 1.492500 0.000000 0.000000
 1.495000 0.000000 0.000000
 1.497500 0.000000 0.000000
 1.500000 0.000000 0.000000
 1.502500 0.000000 0.000000
 1.505000 0.000000 0.000000
 1.507500 0.000000 0.000000
 1.510000 0.000000 0.000000
 1.512500 0.000000 0.000000
 1.515000 0.000000 0.000000
 1.517500 0.000000 0.000000
 1.520000 0.000000 0.000000
 1.522500 0.000000 0.000000
 1.525000 0.000000 0.000000
 1.527500 0.000000 0.000000
 1.530000 0.000000 0.000000
 1.532500 0.000000 0.000000
 1.535000 0.000000 0.000000
 1.537500 0.000000 0.000000
 1.540000 0.000000 0.000000
 1.542500 0.000000 0.000000
 1.545000 0.000000 0.000000
 1.547500 0.000000 0.000000
 1.550000 0.000000 0.000000
 1.552500 0.000000 0.000000
 1.555000 0.000000 0.000000
 1.557500 0.000000 0.000000
 1.560000 0.000000 0.000000
 1.562500 0.000000 0.000000
 1.565000 0.000000 0.000000
 1.567500 0.000000 0.000000
 1.570000 0.000000 0.000000
 1.572500 0.000000 0.000000
 1.575000 0.000000 0.000000
 1.577500 0.000000 0.000000
 1.580000 0.000000 0.000000
 1.582500 0.000000 0.000000
 1.585000 0.000000 0.000000
 1.587500 0.000000 0.000000
 1.590000 0.000000 0.000000
 1.592500 0.000000 0.000000
 1.595000 0.000000 0.000000
 1.597500 0.000000 0.000000
 1.600000 0.000000 0.000000
 1.602500 0.000000 0.000000
 1.605000 0.000000 0.000000
 1.607500 0.000000 0.000000
 1.610000 0.000000 0.000000
 1.612500 0.000000 0.000000
 1.615000 0.000000 0.000000
 1.617500 0.000000 0.000000
 1.620000 0.000000 0.000000
 1.622500 0.000000 0.000000
 1.625000 0.000000 0.000000
 1.627500 0.000000 0.000000
 1.630000 0.000000 0.000000
 1.632500 0.000000 0.000000
 1.635000 0.000000 0.000000
 1.637500 0.000000 0.000000
 1.640000 0.000000 0.000000
 1.642500 0.000000 0.000000
 1.645000 0.000000 0.000000
 1.647500 0.000000 0.000000
 1.650000 0.000000 0.000000
 1.652500 0.000000 0.000000
 1.655000 0.000000 0.000000
 1.657500 0.000000 0.000000
 1.660000 0.000000 0.000000
 1.662500 0.000000 0.000000
 1.665000 0.000000 0.000000
 1.667500 0.000000 0.000000
 1.670000 0.000000 0.000000
 1.672500 0.000000 0.000000
 1.675000 0.000000 0.000000
 1.677500 0.000000 0.000000
 1.680000 0.000000 0.000000
 1.682500 0.000000 0.000000
 1.685000 0.000000 0.000000
 1.687500 0.000000 0.000000
 1.690000 0.000000 0.000000
 1.692500 0.000000 0.000000
 1.695000 0.000000 0.000000
 1.697500 0.000000 0.000000
 1.700000 0.000000 0.000000
 1.702500 0.000000 0.000000
 1.705000 0.000000 0.000000
 1.707500 0.000000 0.000000
 1.710000 0.000000 0.000000
 1.712500 0.000000 0.000000
 1.715000 0.000000 0.000000
 1.717500 0.000000 0.000000
 1.720000 0.000000 0.000000
 1.722500 0.000000 0.000000
 1.725000 0.000000 0.000000
 1.727500 0.000000 0.000000
 1.730000 0.000000 0.000000
 1.732500 0.000000 0.000000
 1.735000 0.000000 0.000000
 1.737500 0.000000 0.000000
 1.740000 0.000000 0.000000
 1.742500 0.000000 0.000000
 1.745000 0.000000 0.000000
 1.747500 0.000000 0.000000
 1.750000 0.000000 0.000000
 1.752500 0.000000 0.000000
 1.755000 0.000000 0.000000
 1.757500 0.000000 0.000000
 1.760000 0.000000 0.000000
 1.762500 0.000000 0.000000
 1.765000 0.000000 0.000000
 1.767500 0.000000 0.000000
 1.770000 0.000000 0.000000
 1.772500 0.000000 0.000000
 1.775000 0.000000 0.000000
 1.777500 0.000000 0.000000
 1.780000 0.000000 0.000000
 1.782500 0.000000 0.000000
 1.785000 0.000000 0.000000
 1.787500 0.000000 0.000000
 1.790000 0.000000 0.000000
 1.792500 0.000000 0.000000
 1.795000 0.000000 0.000000
 1.797500 0.000000 0.000000
 1.800000 0.000000 0.000000
 1.802500 0.000000 0.000000
 1.805000 0.000000 0.000000
 1.807500 0.000000 0.000000
 1.810000 0.000000 0.000000
 1.812500 0.000000 0.000000
 1.815000 0.000000 0.000000
 1.817500 0.000000 0.000000
 1.820000 0.000000 0.000000
 1.822500 0.000000 0.000000
 1.825000 0.000000 0.000000
 1.827500 0.000000 0.000000
 1.830000 0.000000 0.000000
 1.832500 0.000000 0.000000
 1.835000 0.000000 0.000000
 1.837500 0.000000 0.000000
 1.840000 0.000000 0.000000
 1.842500 0.000000 0.000000
 1.845000 0.000000 0.000000
 1.847500 0.000000 0.000000
 1.850000 0.000000 0.000000
 1.852500 0.000000 0.000000
 1.855000 0.000000 0.000000
 1.857500 0.000000 0.000000
 1.860000 0.000000 0.000000
 1.862500 0.000000 0.000000
 1.865000 0.000000 0.000000
 1.867500 0.000000 0.000000
 1.870000 0.000000 0.000000
 1.872500 0.000000 0.000000
 1.875000 0.000000 0.000000
 1.877500 0.000000 0.000000
 1.880000 0.000000 0.000000
 1.882500 0.000000 0.000000
 1.885000 0.000000 0.000000
 1.887500 0.000000 0.000000
 1.890000 0.000000 0.000000
 1.892500 0.000000 0.000000
 1.895000 0.000000 0.000000
 1.897500 0.000000 0.000000
 1.900000 0.000000 0.000000
 1.902500 0.000000 0.000000
 1.905000 0.000000 0.000000
 1.907500 0.000000 0.000000
 1.910000 0.000000 0.000000
 1.912500 0.000000 0.000000
 1.915000 0.000000 0.000000
 1.917500 0.000000 0.000000
 1.920000 0.000000 0.000000
 1.922500 0.000000 0.000000
 1.925000 0.000000 0.000000
 1.927500 0.000000 0.000000
 1.930000 0.000000 0.000000
 1.932500 0.000000 0.000000
 1.935000 0.000000 0.000000
 1.937500 0.000000 0.000000
 1.940000 0.000000 0.000000
 1.942500 0.000000 0.000000
 1.945000 0.000000 0.000000
 1.947500 0.000000 0.000000
 1.950000 0.000000 0.000000
 1.952500 0.000000 0.000000
 1.955000 0.000000 0.000000
 1.957500 0.000000 0.000000
 1.960000 0.000000 0.000000
 1.962500 0.000000 0.000000
 1.965000 0.000000 0.000000
 1.967500 0.000000 0.000000
 1.970000 0.000000 0.000000
 1.972500 0.000000 0.000000
 1.975000 0.000000 0.000000
 1.977500 0.000000 0.000000
 1.980000 0.000000 0.000000
 1.982500 0.000000 0.000000
 1.985000 0.000000 0.000000
 1.987500 0.000000 0.000000
 1.990000 0.000000 0.000000
 1.992500 0.000000 0.000000
 1.995000 0.000000 0.000000
 1.997500 0.000000 0.000000
 2.000000 0.000000 0.000000
