#! FIELDS es hh dhh_es
#! SET normalisation  200.000000
#! SET min_es -0.5
#! SET max_es 2
#! SET nbins_es  1000
#! SET periodic_es false
 -0.500000 0.000000 0.000000
 -0.497500 0.000000 0.000000
 -0.495000 0.000000 0.000000
 -0.492500 0.000000 0.000000
 -0.490000 0.000000 0.000000
 -0.487500 0.000000 0.000000
 -0.485000 0.000000 0.000000
 -0.482500 0.000000 0.000000
 -0.480000 0.000000 0.000000
 -0.477500 0.000000 0.000000
 -0.475000 0.000000 0.000000
 -0.472500 0.000000 0.000000
 -0.470000 0.000000 0.000000
 -0.467500 0.000000 0.000000
 -0.465000 0.000000 0.000000
 -0.462500 0.000000 0.000000
 -0.460000 0.000000 0.000000
 -0.457500 0.000000 0.000000
 -0.455000 0.000000 0.000000
 -0.452500 0.000000 0.000000
 -0.450000 0.000000 0.000000
 -0.447500 0.000000 0.000000
 -0.445000 0.000000 0.000000
 -0.442500 0.000000 0.000000
 -0.440000 0.000000 0.000000
 -0.437500 0.000000 0.000000
 -0.435000 0.000000 0.000000
 -0.432500 0.000000 0.000000
 -0.430000 0.000000 0.000000
 -0.427500 0.000000 0.000000
 -0.425000 0.000000 0.000000
 -0.422500 0.000000 0.000000
 -0.420000 0.000000 0.000000
 -0.417500 0.000000 0.000000
 -0.415000 0.000000 0.000000
 -0.412500 0.000000 0.000000
 -0.410000 0.000000 0.000000
 -0.407500 0.000000 0.000000
 -0.405000 0.000000 0.000000
 -0.402500 0.000000 0.000000
 -0.400000 0.000000 0.000000
 -0.397500 0.000000 0.000000
 -0.395000 0.000000 0.000000
 -0.392500 0.000000 0.000000
 -0.390000 0.000000 0.000000
 -0.387500 0.000000 0.000000
 -0.385000 0.000000 0.000000
 -0.382500 0.000000 0.000000
 -0.380000 0.000000 0.000000
 -0.377500 0.000000 0.000000
 -0.375000 0.000000 0.000000
 -0.372500 0.000000 0.000000
 -0.370000 0.000000 0.000000
 -0.367500 0.000000 0.000000
 -0.365000 0.000000 0.000000
 -0.362500 0.000000 0.000000
 -0.360000 0.000000 0.000000
 -0.357500 0.000000 0.000000
 -0.355000 0.000000 0.000000
 -0.352500 0.000000 0.000000
 -0.350000 0.000000 0.000000
 -0.347500 0.000000 0.000000
 -0.345000 0.000000 0.000000
 -0.342500 0.000000 0.000000
 -0.340000 0.000000 0.000000
 -0.337500 0.000000 0.000000
 -0.335000 0.000000 0.000000
 -0.332500 0.000000 0.000000
 -0.330000 0.000000 0.000000
 -0.327500 0.000000 0.000000
 -0.325000 0.000000 0.000000
 -0.322500 0.000000 0.000000
 -0.320000 0.000000 0.000000
 -0.317500 0.000000 0.000000
 -0.315000 0.000000 0.000000
 -0.312500 0.000000 0.000000
 -0.310000 0.000000 0.000000
 -0.307500 0.000000 0.000000
 -0.305000 0.000000 0.000000
 -0.302500 0.000000 0.000000
 -0.300000 0.000000 0.000000
 -0.297500 0.000000 0.000000
 -0.295000 0.000000 0.000000
 -0.292500 0.000000 0.000000
 -0.290000 0.000000 0.000000
 -0.287500 0.000000 0.000000
 -0.285000 0.000000 0.000000
 -0.282500 0.000000 0.000000
 -0.280000 0.000000 0.000000
 -0.277500 0.000000 0.000000
 -0.275000 0.000000 0.000000
 -0.272500 0.000000 0.000000
 -0.270000 0.000000 0.000000
 -0.267500 0.000000 0.000000
 -0.265000 0.000000 0.000000
 -0.262500 0.000000 0.000000
 -0.260000 0.000000 0.000000
 -0.257500 0.000000 0.000000
 -0.255000 0.000000 0.000000
 -0.252500 0.000000 0.000000
 -0.250000 0.000000 0.000000
 -0.247500 0.000000 0.000000
 -0.245000 0.000000 0.000000
 -0.242500 0.000000 0.000000
 -0.240000 0.000000 0.000000
 -0.237500 0.000000 0.000000
 -0.235000 0.000000 0.000000
 -0.232500 0.000000 0.000000
 -0.230000 0.000000 0.000000
 -0.227500 0.000000 0.000000
 -0.225000 0.000000 0.000000
 -0.222500 0.000000 0.000000
 -0.220000 0.000000 0.000000
 -0.217500 0.000000 0.000000
 -0.215000 0.000000 0.000000
 -0.212500 0.000000 0.000000
 -0.210000 0.000000 0.000000
 -0.207500 0.000000 0.000000
 -0.205000 0.000000 0.000000
 -0.202500 0.000000 0.000000
 -0.200000 0.000000 0.000000
 -0.197500 0.000000 0.000000
 -0.195000 0.000000 0.000000
 -0.192500 0.000000 0.000000
 -0.190000 0.000000 0.000000
 -0.187500 0.000000 0.000000
 -0.185000 0.000000 0.000000
 -0.182500 0.000000 0.000000
 -0.180000 0.000000 0.000000
 -0.177500 0.000000 0.000000
 -0.175000 0.000000 0.000000
 -0.172500 0.000000 0.000000
 -0.170000 0.000000 0.000000
 -0.167500 0.000000 0.000000
 -0.165000 0.000000 0.000000
 -0.162500 0.000000 0.000000
 -0.160000 0.000000 0.000000
 -0.157500 0.000000 0.000000
 -0.155000 0.000000 0.000000
 -0.152500 0.000000 0.000000
 -0.150000 0.000000 0.000000
 -0.147500 0.000000 0.000000
 -0.145000 0.000000 0.000000
 -0.142500 0.000000 0.000000
 -0.140000 0.000000 0.000000
 -0.137500 0.000000 0.000000
 -0.135000 0.000000 0.000000
 -0.132500 0.000000 0.000000
 -0.130000 0.000000 0.000000
 -0.127500 0.000000 0.000000
 -0.125000 0.000000 0.000000
 -0.122500 0.000000 0.000000
 -0.120000 0.000000 0.000000
 -0.117500 0.000000 0.000000
 -0.115000 0.000000 0.000000
 -0.112500 0.000000 0.000000
 -0.110000 0.000000 0.000000
 -0.107500 0.000000 0.000000
 -0.105000 0.000000 0.000000
 -0.102500 0.000000 0.000000
 -0.100000 0.000000 0.000000
 -0.097500 0.000000 0.000000
 -0.095000 0.000000 0.000000
 -0.092500 0.000000 0.000000
 -0.090000 0.000000 0.000000
 -0.087500 0.000000 0.000000
 -0.085000 0.000000 0.000000
 -0.082500 0.000000 0.000000
 -0.080000 0.000000 0.000000
 -0.077500 0.000000 0.000000
 -0.075000 0.000000 0.000000
 -0.072500 0.000000 0.000000
 -0.070000 0.000000 0.000000
 -0.067500 0.000000 0.000000
 -0.065000 0.000000 0.000000
 -0.062500 0.000000 0.000000
 -0.060000 0.000000 0.000000
 -0.057500 0.000000 0.000000
 -0.055000 0.000000 0.000000
 -0.052500 0.000000 0.000000
 -0.050000 0.000000 0.000000
 -0.047500 0.000000 0.000000
 -0.045000 0.000000 0.000000
 -0.042500 0.000000 0.000000
 -0.040000 0.000000 0.000000
 -0.037500 0.000000 0.000000
 -0.035000 0.000000 0.000000
 -0.032500 0.000001 0.000504
 -0.030000 0.000075 0.029067
 -0.027500 0.000388 0.145676
 -0.025000 0.001228 0.440040
 -0.022500 0.003253 1.104732
 -0.020000 0.007690 2.451844
 -0.017500 0.016920 5.035262
 -0.015000 0.034950 9.647985
 -0.012500 0.068097 17.331341
 -0.010000 0.125560 29.281990
 -0.007500 0.219336 46.543731
 -0.005000 0.363561 69.661388
 -0.002500 0.572594 98.210158
 0.000000 0.858113 130.446897
 0.002500 1.225725 163.271337
 0.005000 1.671955 192.605640
 0.007500 2.182609 214.148517
 0.010000 2.733632 224.428465
 0.012500 3.294167 221.650559
 0.015000 3.831611 206.211808
 0.017500 4.317013 180.567928
 0.020000 4.729487 148.565940
 0.022500 5.058445 114.454321
 0.025000 5.303484 81.967907
 0.027500 5.472168 53.679595
 0.030000 5.576757 30.788853
 0.032500 5.630974 13.310347
 0.035000 5.647535 0.496144
 0.037500 5.636771 -8.716502
 0.040000 5.606450 -15.298367
 0.042500 5.562165 -19.961656
 0.045000 5.508195 -23.092434
 0.047500 5.448043 -24.835361
 0.050000 5.384917 -25.346244
 0.052500 5.321704 -24.866661
 0.055000 5.260470 -23.741884
 0.057500 5.202399 -22.447608
 0.060000 5.147270 -21.403983
 0.062500 5.094055 -20.980312
 0.065000 5.040996 -21.309546
 0.067500 4.986223 -22.285011
 0.070000 4.928454 -23.693292
 0.072500 4.866980 -25.188683
 0.075000 4.801944 -26.480660
 0.077500 4.734107 -27.425023
 0.080000 4.664432 -27.939156
 0.082500 4.594016 -28.012870
 0.085000 4.523991 -27.647796
 0.087500 4.455439 -26.797673
 0.090000 4.389664 -25.454145
 0.092500 4.327869 -23.656347
 0.095000 4.270962 -21.589400
 0.097500 4.219200 -19.586220
 0.100000 4.172001 -18.020866
 0.102500 4.127847 -17.178110
 0.105000 4.084741 -17.162924
 0.107500 4.040731 -17.874530
 0.110000 3.994352 -18.996735
 0.112500 3.945077 -20.136724
 0.115000 3.893321 -20.934649
 0.117500 3.840276 -21.131917
 0.120000 3.787650 -20.642506
 0.122500 3.737048 -19.503991
 0.125000 3.689898 -17.891912
 0.127500 3.647114 -16.086050
 0.130000 3.608810 -14.370572
 0.132500 3.574436 -13.008003
 0.135000 3.542772 -12.210168
 0.137500 3.512276 -12.105725
 0.140000 3.481140 -12.701182
 0.142500 3.447716 -13.900569
 0.145000 3.410696 -15.541322
 0.147500 3.369274 -17.394587
 0.150000 3.323264 -19.188070
 0.152500 3.273098 -20.649550
 0.155000 3.219923 -21.576834
 0.157500 3.165307 -21.815943
 0.160000 3.110988 -21.318893
 0.162500 3.058705 -20.211145
 0.165000 3.009734 -18.741099
 0.167500 2.964620 -17.179647
 0.170000 2.923207 -15.813673
 0.172500 2.884722 -14.858805
 0.175000 2.848040 -14.397201
 0.177500 2.811908 -14.375855
 0.180000 2.775379 -14.690563
 0.182500 2.737826 -15.172087
 0.185000 2.699056 -15.651601
 0.187500 2.659201 -16.022874
 0.190000 2.618627 -16.209275
 0.192500 2.577850 -16.203558
 0.195000 2.537273 -16.059060
 0.197500 2.497154 -15.863925
 0.200000 2.457467 -15.752829
 0.202500 2.417823 -15.840089
 0.205000 2.377624 -16.209806
 0.207500 2.336131 -16.872657
 0.210000 2.292689 -17.725609
 0.212500 2.247029 -18.631960
 0.215000 2.199236 -19.392599
 0.217500 2.149907 -19.864664
 0.220000 2.099810 -19.987267
 0.222500 2.049782 -19.843626
 0.225000 2.000287 -19.600580
 0.227500 1.951300 -19.462719
 0.230000 1.902324 -19.629512
 0.232500 1.852457 -20.189635
 0.235000 1.800714 -21.104142
 0.237500 1.746398 -22.218203
 0.240000 1.689288 -23.289759
 0.242500 1.629826 -24.070771
 0.245000 1.569015 -24.342070
 0.247500 1.508285 -23.980231
 0.250000 1.449274 -22.996099
 0.252500 1.393400 -21.478324
 0.255000 1.341795 -19.632241
 0.257500 1.294992 -17.689972
 0.260000 1.252959 -15.864914
 0.262500 1.215114 -14.331165
 0.265000 1.180623 -13.225336
 0.267500 1.148353 -12.550573
 0.270000 1.117268 -12.245416
 0.272500 1.086605 -12.221903
 0.275000 1.055760 -12.337529
 0.277500 1.024563 -12.514579
 0.280000 0.992943 -12.686940
 0.282500 0.960925 -12.821762
 0.285000 0.928617 -12.934903
 0.287500 0.896058 -13.009512
 0.290000 0.863403 -13.016971
 0.292500 0.830902 -12.877460
 0.295000 0.799003 -12.522559
 0.297500 0.768330 -11.898999
 0.300000 0.739541 -11.021655
 0.302500 0.713185 -9.975769
 0.305000 0.689514 -8.900253
 0.307500 0.668407 -7.951515
 0.310000 0.649366 -7.258878
 0.312500 0.631651 -6.900635
 0.315000 0.614421 -6.868132
 0.317500 0.596937 -7.088567
 0.320000 0.578706 -7.451517
 0.322500 0.559524 -7.831939
 0.325000 0.539470 -8.131542
 0.327500 0.518844 -8.289634
 0.330000 0.498027 -8.282560
 0.332500 0.477426 -8.116683
 0.335000 0.457442 -7.815254
 0.337500 0.438368 -7.372747
 0.340000 0.420565 -6.800852
 0.342500 0.404367 -6.092264
 0.345000 0.390121 -5.253989
 0.347500 0.378086 -4.328603
 0.350000 0.368390 -3.390150
 0.352500 0.360945 -2.554733
 0.355000 0.355351 -1.919767
 0.357500 0.351013 -1.571864
 0.360000 0.347142 -1.533318
 0.362500 0.342995 -1.789876
 0.365000 0.337925 -2.266038
 0.367500 0.331499 -2.855138
 0.370000 0.323566 -3.449150
 0.372500 0.314240 -3.971428
 0.375000 0.303763 -4.356927
 0.377500 0.292497 -4.606110
 0.380000 0.280759 -4.742244
 0.382500 0.268784 -4.813287
 0.385000 0.256665 -4.858584
 0.387500 0.244437 -4.900355
 0.390000 0.232124 -4.931622
 0.392500 0.219787 -4.908377
 0.395000 0.207625 -4.778811
 0.397500 0.195969 -4.493797
 0.400000 0.185247 -4.027377
 0.402500 0.175919 -3.389417
 0.405000 0.168357 -2.618179
 0.407500 0.162813 -1.795625
 0.410000 0.159292 -1.015990
 0.412500 0.157557 -0.382222
 0.415000 0.157128 0.013880
 0.417500 0.157337 0.118854
 0.420000 0.157441 -0.070421
 0.422500 0.156744 -0.501499
 0.425000 0.154760 -1.085515
 0.427500 0.151249 -1.699545
 0.430000 0.146289 -2.231228
 0.432500 0.140201 -2.594356
 0.435000 0.133463 -2.748278
 0.437500 0.126591 -2.708075
 0.440000 0.120016 -2.522050
 0.442500 0.114022 -2.255384
 0.445000 0.108731 -1.972835
 0.447500 0.104110 -1.718859
 0.450000 0.100064 -1.523731
 0.452500 0.096426 -1.384664
 0.455000 0.093071 -1.299845
 0.457500 0.089871 -1.257993
 0.460000 0.086723 -1.249214
 0.462500 0.083564 -1.271519
 0.465000 0.080323 -1.311233
 0.467500 0.076971 -1.359887
 0.470000 0.073504 -1.401588
 0.472500 0.069959 -1.424949
 0.475000 0.066388 -1.417744
 0.477500 0.062881 -1.378074
 0.480000 0.059512 -1.304619
 0.482500 0.056369 -1.197645
 0.485000 0.053538 -1.056719
 0.487500 0.051103 -0.878321
 0.490000 0.049156 -0.665844
 0.492500 0.047774 -0.432284
 0.495000 0.046981 -0.200491
 0.497500 0.046736 0.000040
 0.500000 0.046917 0.137020
 0.502500 0.047332 0.186469
 0.505000 0.047755 0.141661
 0.507500 0.047961 0.015581
 0.510000 0.047777 -0.163467
 0.512500 0.047115 -0.361468
 0.515000 0.045975 -0.541909
 0.517500 0.044438 -0.676683
 0.520000 0.042641 -0.746869
 0.522500 0.040748 -0.749688
 0.525000 0.038923 -0.698018
 0.527500 0.037281 -0.610049
 0.530000 0.035880 -0.509851
 0.532500 0.034719 -0.418447
 0.535000 0.033755 -0.355925
 0.537500 0.032904 -0.329464
 0.540000 0.032073 -0.338194
 0.542500 0.031177 -0.378834
 0.545000 0.030146 -0.444712
 0.547500 0.028929 -0.528566
 0.550000 0.027490 -0.618228
 0.552500 0.025832 -0.703981
 0.555000 0.023979 -0.772095
 0.557500 0.021987 -0.813252
 0.560000 0.019933 -0.821832
 0.562500 0.017898 -0.798583
 0.565000 0.015957 -0.747352
 0.567500 0.014174 -0.673743
 0.570000 0.012600 -0.580638
 0.572500 0.011281 -0.471257
 0.575000 0.010251 -0.347661
 0.577500 0.009540 -0.216614
 0.580000 0.009156 -0.091359
 0.582500 0.009066 0.015938
 0.585000 0.009205 0.090013
 0.587500 0.009476 0.122595
 0.590000 0.009774 0.111841
 0.592500 0.010000 0.066525
 0.595000 0.010085 0.000619
 0.597500 0.009994 -0.072229
 0.600000 0.009725 -0.140955
 0.602500 0.009296 -0.201114
 0.605000 0.008726 -0.251401
 0.607500 0.008042 -0.293096
 0.610000 0.007266 -0.324484
 0.612500 0.006430 -0.340893
 0.615000 0.005581 -0.334590
 0.617500 0.004781 -0.299964
 0.620000 0.004105 -0.235396
 0.622500 0.003625 -0.145210
 0.625000 0.003392 -0.039986
 0.627500 0.003426 0.066557
 0.630000 0.003711 0.158752
 0.632500 0.004192 0.222409
 0.635000 0.004786 0.246663
 0.637500 0.005390 0.229957
 0.640000 0.005905 0.176865
 0.642500 0.006254 0.100443
 0.645000 0.006400 0.017408
 0.647500 0.006347 -0.054056
 0.650000 0.006145 -0.102775
 0.652500 0.005857 -0.122419
 0.655000 0.005553 -0.117194
 0.657500 0.005282 -0.098722
 0.660000 0.005059 -0.079962
 0.662500 0.004873 -0.071975
 0.665000 0.004686 -0.080071
 0.667500 0.004460 -0.103332
 0.670000 0.004163 -0.135297
 0.672500 0.003783 -0.167272
 0.675000 0.003332 -0.191360
 0.677500 0.002837 -0.200514
 0.680000 0.002342 -0.192058
 0.682500 0.001890 -0.166096
 0.685000 0.001522 -0.125215
 0.687500 0.001270 -0.074854
 0.690000 0.001150 -0.020762
 0.692500 0.001164 0.030794
 0.695000 0.001297 0.073595
 0.697500 0.001520 0.102783
 0.700000 0.001796 0.116220
 0.702500 0.002085 0.112761
 0.705000 0.002348 0.096069
 0.707500 0.002558 0.070770
 0.710000 0.002698 0.040978
 0.712500 0.002762 0.010301
 0.715000 0.002750 -0.018558
 0.717500 0.002670 -0.045055
 0.720000 0.002528 -0.067687
 0.722500 0.002336 -0.084706
 0.725000 0.002111 -0.094012
 0.727500 0.001874 -0.093657
 0.730000 0.001651 -0.083261
 0.732500 0.001465 -0.064722
 0.735000 0.001331 -0.042010
 0.737500 0.001254 -0.019987
 0.740000 0.001227 -0.002790
 0.742500 0.001234 0.007724
 0.745000 0.001258 0.011048
 0.747500 0.001284 0.009724
 0.750000 0.001304 0.005504
 0.752500 0.001311 0.000013
 0.755000 0.001303 -0.006674
 0.757500 0.001276 -0.015033
 0.760000 0.001225 -0.025917
 0.762500 0.001144 -0.038074
 0.765000 0.001033 -0.050252
 0.767500 0.000895 -0.059549
 0.770000 0.000740 -0.063953
 0.772500 0.000580 -0.062641
 0.775000 0.000431 -0.056241
 0.777500 0.000302 -0.046476
 0.780000 0.000199 -0.035470
 0.782500 0.000124 -0.025070
 0.785000 0.000072 -0.016293
 0.787500 0.000040 -0.009974
 0.790000 0.000021 -0.005679
 0.792500 0.000010 -0.003012
 0.795000 0.000005 -0.001491
 0.797500 0.000002 -0.000689
 0.800000 0.000000 0.000000
 0.802500 0.000000 0.000000
 0.805000 0.000000 0.000000
 0.807500 0.000000 0.000000
 0.810000 0.000000 0.000000
 0.812500 0.000000 0.000000
 0.815000 0.000000 0.000000
 0.817500 0.000000 0.000000
 0.820000 0.000000 0.000000
 0.822500 0.000000 0.000000
 0.825000 0.000000 0.000000
 0.827500 0.000000 0.000000
 0.830000 0.000000 0.000000
 0.832500 0.000000 0.000000
 0.835000 0.000000 0.000000
 0.837500 0.000000 0.000000
 0.840000 0.000000 0.000000
 0.842500 0.000000 0.000000
 0.845000 0.000000 0.000000
 0.847500 0.000000 0.000000
 0.850000 0.000000 0.000000
 0.852500 0.000000 0.000000
 0.855000 0.000000 0.000000
 0.857500 0.000000 0.000000
 0.860000 0.000000 0.000000
 0.862500 0.000000 0.000000
 0.865000 0.000000 0.000000
 0.867500 0.000000 0.000000
 0.870000 0.000000 0.000000
 0.872500 0.000000 0.000000
 0.875000 0.000000 0.000000
 0.877500 0.000000 0.000000
 0.880000 0.000000 0.000000
 0.882500 0.000000 0.000000
 0.885000 0.000000 0.000000
 0.887500 0.000000 0.000000
 0.890000 0.000000 0.000000
 0.892500 0.000000 0.000000
 0.895000 0.000000 0.000000
 0.897500 0.000000 0.000000
 0.900000 0.000000 0.000000
 0.902500 0.000000 0.000000
 0.905000 0.000000 0.000000
 0.907500 0.000000 0.000000
 0.910000 0.000000 0.000000
 0.912500 0.000000 0.000000
 0.915000 0.000000 0.000000
 0.917500 0.000000 0.000000
 0.920000 0.000000 0.000000
 0.922500 0.000000 0.000000
 0.925000 0.000000 0.000000
 0.927500 0.000000 0.000000
 0.930000 0.000000 0.000000
 0.932500 0.000000 0.000000
 0.935000 0.000000 0.000000
 0.937500 0.000000 0.000000
 0.940000 0.000000 0.000000
 0.942500 0.000000 0.000000
 0.945000 0.000000 0.000000
 0.947500 0.000000 0.000000
 0.950000 0.000000 0.000000
 0.952500 0.000000 0.000000
 0.955000 0.000000 0.000000
 0.957500 0.000000 0.000000
 0.960000 0.000000 0.000000
 0.962500 0.000000 0.000000
 0.965000 0.000000 0.000000
 0.967500 0.000000 0.000000
 0.970000 0.000000 0.000000
 0.972500 0.000000 0.000000
 0.975000 0.000000 0.000000
 0.977500 0.000000 0.000000
 0.980000 0.000000 0.000000
 0.982500 0.000000 0.000000
 0.985000 0.000000 0.000000
 0.987500 0.000000 0.000000
 0.990000 0.000000 0.000000
 0.992500 0.000000 0.000000
 0.995000 0.000000 0.000000
 0.997500 0.000000 0.000000
 1.000000 0.000000 0.000000
 1.002500 0.000000 0.000000
 1.005000 0.000000 0.000000
 1.007500 0.000000 0.000000
 1.010000 0.000000 0.000000
 1.012500 0.000000 0.000000
 1.015000 0.000000 0.000000
 1.017500 0.000000 0.000000
 1.020000 0.000000 0.000000
 1.022500 0.000000 0.000000
 1.025000 0.000000 0.000000
 1.027500 0.000000 0.000000
 1.030000 0.000000 0.000000
 1.032500 0.000000 0.000000
 1.035000 0.000000 0.000000
 1.037500 0.000000 0.000000
 1.040000 0.000000 0.000000
 1.042500 0.000000 0.000000
 1.045000 0.000000 0.000000
 1.047500 0.000000 0.000000
 1.050000 0.000000 0.000000
 1.052500 0.000000 0.000000
 1.055000 0.000000 0.000000
 1.057500 0.000000 0.000000
 1.060000 0.000000 0.000000
 1.062500 0.000000 0.000000
 1.065000 0.000000 0.000000
 1.067500 0.000000 0.000000
 1.070000 0.000000 0.000000
 1.072500 0.000000 0.000000
 1.075000 0.000000 0.000000
 1.077500 0.000000 0.000000
 1.080000 0.000000 0.000000
 1.082500 0.000000 0.000000
 1.085000 0.000000 0.000000
 1.087500 0.000000 0.000000
 1.090000 0.000000 0.000000
 1.092500 0.000000 0.000000
 1.095000 0.000000 0.000000
 1.097500 0.000000 0.000000
 1.100000 0.000000 0.000000
 1.102500 0.000000 0.000000
 1.105000 0.000000 0.000000
 1.107500 0.000000 0.000000
 1.110000 0.000000 0.000000
 1.112500 0.000000 0.000000
 1.115000 0.000000 0.000000
 1.117500 0.000000 0.000000
 1.120000 0.000000 0.000000
 1.122500 0.000000 0.000000
 1.125000 0.000000 0.000000
 1.127500 0.000000 0.000000
 1.130000 0.000000 0.000000
 1.132500 0.000000 0.000000
 1.135000 0.000000 0.000000
 1.137500 0.000000 0.000000
 1.140000 0.000000 0.000000
 1.142500 0.000000 0.000000
 1.145000 0.000000 0.000000
 1.147500 0.000000 0.000000
 1.150000 0.000000 0.000000
 1.152500 0.000000 0.000000
 1.155000 0.000000 0.000000
 1.157500 0.000000 0.000000
 1.160000 0.000000 0.000000
 1.162500 0.000000 0.000000
 1.165000 0.000000 0.000000
 1.167500 0.000000 0.000000
 1.170000 0.000000 0.000000
 1.172500 0.000000 0.000000
 1.175000 0.000000 0.000000
 1.177500 0.000000 0.000000
 1.180000 0.000000 0.000000
 1.182500 0.000000 0.000000
 1.185000 0.000000 0.000000
 1.187500 0.000000 0.000000
 1.190000 0.000000 0.000000
 1.192500 0.000000 0.000000
 1.195000 0.000000 0.000000
 1.197500 0.000000 0.000000
 1.200000 0.000000 0.000000
 1.202500 0.000000 0.000000
 1.205000 0.000000 0.000000
 1.207500 0.000000 0.000000
 1.210000 0.000000 0.000000
 1.212500 0.000000 0.000000
 1.215000 0.000000 0.000000
 1.217500 0.000000 0.000000
 1.220000 0.000000 0.000000
 1.222500 0.000000 0.000000
 1.225000 0.000000 0.000000
 1.227500 0.000000 0.000000
 1.230000 0.000000 0.000000
 1.232500 0.000000 0.000000
 1.235000 0.000000 0.000000
 1.237500 0.000000 0.000000
 1.240000 0.000000 0.000000
 1.242500 0.000000 0.000000
 1.245000 0.000000 0.000000
 1.247500 0.000000 0.000000
 1.250000 0.000000 0.000000
 1.252500 0.000000 0.000000
 1.255000 0.000000 0.000000
 1.257500 0.000000 0.000000
 1.260000 0.000000 0.000000
 1.262500 0.000000 0.000000
 1.265000 0.000000 0.000000
 1.267500 0.000000 0.000000
 1.270000 0.000000 0.000000
 1.272500 0.000000 0.000000
 1.275000 0.000000 0.000000
 1.277500 0.000000 0.000000
 1.280000 0.000000 0.000000
 1.282500 0.000000 0.000000
 1.285000 0.000000 0.000000
 1.287500 0.000000 0.000000
 1.290000 0.000000 0.000000
 1.292500 0.000000 0.000000
 1.295000 0.000000 0.000000
 1.297500 0.000000 0.000000
 1.300000 0.000000 0.000000
 1.302500 0.000000 0.000000
 1.305000 0.000000 0.000000
 1.307500 0.000000 0.000000
 1.310000 0.000000 0.000000
 1.312500 0.000000 0.000000
 1.315000 0.000000 0.000000
 1.317500 0.000000 0.000000
 1.320000 0.000000 0.000000
 1.322500 0.000000 0.000000
 1.325000 0.000000 0.000000
 1.327500 0.000000 0.000000
 1.330000 0.000000 0.000000
 1.332500 0.000000 0.000000
 1.335000 0.000000 0.000000
 1.337500 0.000000 0.000000
 1.340000 0.000000 0.000000
 1.342500 0.000000 0.000000
 1.345000 0.000000 0.000000
 1.347500 0.000000 0.000000
 1.350000 0.000000 0.000000
 1.352500 0.000000 0.000000
 1.355000 0.000000 0.000000
 1.357500 0.000000 0.000000
 1.360000 0.000000 0.000000
 1.362500 0.000000 0.000000
 1.365000 0.000000 0.000000
 1.367500 0.000000 0.000000
 1.370000 0.000000 0.000000
 1.372500 0.000000 0.000000
 1.375000 0.000000 0.000000
 1.377500 0.000000 0.000000
 1.380000 0.000000 0.000000
 1.382500 0.000000 0.000000
 1.385000 0.000000 0.000000
 1.387500 0.000000 0.000000
 1.390000 0.000000 0.000000
 1.392500 0.000000 0.000000
 1.395000 0.000000 0.000000
 1.397500 0.000000 0.000000
 1.400000 0.000000 0.000000
 1.402500 0.000000 0.000000
 1.405000 0.000000 0.000000
 1.407500 0.000000 0.000000
 1.410000 0.000000 0.000000
 1.412500 0.000000 0.000000
 1.415000 0.000000 0.000000
 1.417500 0.000000 0.000000
 1.420000 0.000000 0.000000
 1.422500 0.000000 0.000000
 1.425000 0.000000 0.000000
 1.427500 0.000000 0.000000
 1.430000 0.000000 0.000000
 1.432500 0.000000 0.000000
 1.435000 0.000000 0.000000
 1.437500 0.000000 0.000000
 1.440000 0.000000 0.000000
 1.442500 0.000000 0.000000
 1.445000 0.000000 0.000000
 1.447500 0.000000 0.000000
 1.450000 0.000000 0.000000
 1.452500 0.000000 0.000000
 1.455000 0.000000 0.000000
 1.457500 0.000000 0.000000
 1.460000 0.000000 0.000000
 1.462500 0.000000 0.000000
 1.465000 0.000000 0.000000
 1.467500 0.000000 0.000000
 1.470000 0.000000 0.000000
 1.472500 0.000000 0.000000
 1.475000 0.000000 0.000000
 1.477500 0.000000 0.000000
 1.480000 0.000000 0.000000
 1.482500 0.000000 0.000000
 1.485000 0.000000 0.000000
 1.487500 0.000000 0.000000
 1.490000 0.000000 0.000000
 1.492500 0.000000 0.000000
 1.495000 0.000000 0.000000
 1.497500 0.000000 0.000000
 1.500000 0.000000 0.000000
 1.502500 0.000000 0.000000
 1.505000 0.000000 0.000000
 1.507500 0.000000 0.000000
 1.510000 0.000000 0.000000
 1.512500 0.000000 0.000000
 1.515000 0.000000 0.000000
 1.517500 0.000000 0.000000
 1.520000 0.000000 0.000000
 1.522500 0.000000 0.000000
 1.525000 0.000000 0.000000
 1.527500 0.000000 0.000000
 1.530000 0.000000 0.000000
 1.532500 0.000000 0.000000
 1.535000 0.000000 0.000000
 1.537500 0.000000 0.000000
 1.540000 0.000000 0.000000
 1.542500 0.000000 0.000000
 1.545000 0.000000 0.000000
 1.547500 0.000000 0.000000
 1.550000 0.000000 0.000000
 1.552500 0.000000 0.000000
 1.555000 0.000000 0.000000
 1.557500 0.000000 0.000000
 1.560000 0.000000 0.000000
 1.562500 0.000000 0.000000
 1.565000 0.000000 0.000000
 1.567500 0.000000 0.000000
 1.570000 0.000000 0.000000
 1.572500 0.000000 0.000000
 1.575000 0.000000 0.000000
 1.577500 0.000000 0.000000
 1.580000 0.000000 0.000000
 1.582500 0.000000 0.000000
 1.585000 0.000000 0.000000
 1.587500 0.000000 0.000000
 1.590000 0.000000 0.000000
 1.592500 0.000000 0.000000
 1.595000 0.000000 0.000000
 1.597500 0.000000 0.000000
 1.600000 0.000000 0.000000
 1.602500 0.000000 0.000000
 1.605000 0.000000 0.000000
 1.607500 0.000000 0.000000
 1.610000 0.000000 0.000000
 1.612500 0.000000 0.000000
 1.615000 0.000000 0.000000
 1.617500 0.000000 0.000000
 1.620000 0.000000 0.000000
 1.622500 0.000000 0.000000
 1.625000 0.000000 0.000000
 1.627500 0.000000 0.000000
 1.630000 0.000000 0.000000
 1.632500 0.000000 0.000000
 1.635000 0.000000 0.000000
 1.637500 0.000000 0.000000
 1.640000 0.000000 0.000000
 1.642500 0.000000 0.000000
 1.645000 0.000000 0.000000
 1.647500 0.000000 0.000000
 1.650000 0.000000 0.000000
 1.652500 0.000000 0.000000
 1.655000 0.000000 0.000000
 1.657500 0.000000 0.000000
 1.660000 0.000000 0.000000
 1.662500 0.000000 0.000000
 1.665000 0.000000 0.000000
 1.667500 0.000000 0.000000
 1.670000 0.000000 0.000000
 1.672500 0.000000 0.000000
 1.675000 0.000000 0.000000
 1.677500 0.000000 0.000000
 1.680000 0.000000 0.000000
 1.682500 0.000000 0.000000
 1.685000 0.000000 0.000000
 1.687500 0.000000 0.000000
 1.690000 0.000000 0.000000
 1.692500 0.000000 0.000000
 1.695000 0.000000 0.000000
 1.697500 0.000000 0.000000
 1.700000 0.000000 0.000000
 1.702500 0.000000 0.000000
 1.705000 0.000000 0.000000
 1.707500 0.000000 0.000000
 1.710000 0.000000 0.000000
 1.712500 0.000000 0.000000
 1.715000 0.000000 0.000000
 1.717500 0.000000 0.000000
 1.720000 0.000000 0.000000
 1.722500 0.000000 0.000000
 1.725000 0.000000 0.000000
 1.727500 0.000000 0.000000
 1.730000 0.000000 0.000000
 1.732500 0.000000 0.000000
 1.735000 0.000000 0.000000
 1.737500 0.000000 0.000000
 1.740000 0.000000 0.000000
 1.742500 0.000000 0.000000
 1.745000 0.000000 0.000000
 1.747500 0.000000 0.000000
 1.750000 0.000000 0.000000
 1.752500 0.000000 0.000000
 1.755000 0.000000 0.000000
 1.757500 0.000000 0.000000
 1.760000 0.000000 0.000000
 1.762500 0.000000 0.000000
 1.765000 0.000000 0.000000
 1.767500 0.000000 0.000000
 1.770000 0.000000 0.000000
 1.772500 0.000000 0.000000
 1.775000 0.000000 0.000000
 1.777500 0.000000 0.000000
 1.780000 0.000000 0.000000
 1.782500 0.000000 0.000000
 1.785000 0.000000 0.000000
 1.787500 0.000000 0.000000
 1.790000 0.000000 0.000000
 1.792500 0.000000 0.000000
 1.795000 0.000000 0.000000
 1.797500 0.000000 0.000000
 1.800000 0.000000 0.000000
 1.802500 0.000000 0.000000
 1.805000 0.000000 0.000000
 1.807500 0.000000 0.000000
 1.810000 0.000000 0.000000
 1.812500 0.000000 0.000000
 1.815000 0.000000 0.000000
 1.817500 0.000000 0.000000
 1.820000 0.000000 0.000000
 1.822500 0.000000 0.000000
 1.825000 0.000000 0.000000
 1.827500 0.000000 0.000000
 1.830000 0.000000 0.000000
 1.832500 0.000000 0.000000
 1.835000 0.000000 0.000000
 1.837500 0.000000 0.000000
 1.840000 0.000000 0.000000
 1.842500 0.000000 0.000000
 1.845000 0.000000 0.000000
 1.847500 0.000000 0.000000
 1.850000 0.000000 0.000000
 1.852500 0.000000 0.000000
 1.855000 0.000000 0.000000
 1.857500 0.000000 0.000000
 1.860000 0.000000 0.000000
 1.862500 0.000000 0.000000
 1.865000 0.000000 0.000000
 1.867500 0.000000 0.000000
 1.870000 0.000000 0.000000
 1.872500 0.000000 0.000000
 1.875000 0.000000 0.000000
 1.877500 0.000000 0.000000
 1.880000 0.000000 0.000000
 1.882500 0.000000 0.000000
 1.885000 0.000000 0.000000
 1.887500 0.000000 0.000000
 1.890000 0.000000 0.000000
 1.892500 0.000000 0.000000
 1.895000 0.000000 0.000000
 1.897500 0.000000 0.000000
 1.900000 0.000000 0.000000
 1.902500 0.000000 0.000000
 1.905000 0.000000 0.000000
 1.907500 0.000000 0.000000
 1.910000 0.000000 0.000000
 1.912500 0.000000 0.000000
 1.915000 0.000000 0.000000
 1.917500 0.000000 0.000000
 1.920000 0.000000 0.000000
 1.922500 0.000000 0.000000
 1.925000 0.000000 0.000000
 1.927500 0.000000 0.000000
 1.930000 0.000000 0.000000
 1.932500 0.000000 0.000000
 1.935000 0.000000 0.000000
 1.937500 0.000000 0.000000
 1.940000 0.000000 0.000000
 1.942500 0.000000 0.000000
 1.945000 0.000000 0.000000
 1.947500 0.000000 0.000000
 1.950000 0.000000 0.000000
 1.952500 0.000000 0.000000
 1.955000 0.000000 0.000000
 1.957500 0.000000 0.000000
 1.960000 0.000000 0.000000
 1.962500 0.000000 0.000000
 1.965000 0.000000 0.000000
 1.967500 0.000000 0.000000
 1.970000 0.000000 0.000000
 1.972500 0.000000 0.000000
 1.975000 0.000000 0.000000
 1.977500 0.000000 0.000000
 1.980000 0.000000 0.000000
 1.982500 0.000000 0.000000
 1.985000 0.000000 0.000000
 1.987500 0.000000 0.000000
 1.990000 0.000000 0.000000
 1.992500 0.000000 0.000000
 1.995000 0.000000 0.000000
 1.997500 0.000000 0.000000
 2.000000 0.000000 0.000000
