#! FIELDS es hh dhh_es
#! SET normalisation  200.000000
#! SET min_es -0.5
#! SET max_es 2
#! SET nbins_es  1000
#! SET periodic_es false
 -0.500000 0.000000 0.000000
 -0.497500 0.000000 0.000000
 -0.495000 0.000000 0.000000
 -0.492500 0.000000 0.000000
 -0.490000 0.000000 0.000000
 -0.487500 0.000000 0.000000
 -0.485000 0.000000 0.000000
 -0.482500 0.000000 0.000000
 -0.480000 0.000000 0.000000
 -0.477500 0.000000 0.000000
 -0.475000 0.000000 0.000000
 -0.472500 0.000000 0.000000
 -0.470000 0.000000 0.000000
 -0.467500 0.000000 0.000000
 -0.465000 0.000000 0.000000
 -0.462500 0.000000 0.000000
 -0.460000 0.000000 0.000000
 -0.457500 0.000000 0.000000
 -0.455000 0.000000 0.000000
 -0.452500 0.000000 0.000000
 -0.450000 0.000000 0.000000
 -0.447500 0.000000 0.000000
 -0.445000 0.000000 0.000000
 -0.442500 0.000000 0.000000
 -0.440000 0.000000 0.000000
 -0.437500 0.000000 0.000000
 -0.435000 0.000000 0.000000
 -0.432500 0.000000 0.000000
 -0.430000 0.000000 0.000000
 -0.427500 0.000000 0.000000
 -0.425000 0.000000 0.000000
 -0.422500 0.000000 0.000000
 -0.420000 0.000000 0.000000
 -0.417500 0.000000 0.000000
 -0.415000 0.000000 0.000000
 -0.412500 0.000000 0.000000
 -0.410000 0.000000 0.000000
 -0.407500 0.000000 0.000000
 -0.405000 0.000000 0.000000
 -0.402500 0.000000 0.000000
 -0.400000 0.000000 0.000000
 -0.397500 0.000000 0.000000
 -0.395000 0.000000 0.000000
 -0.392500 0.000000 0.000000
 -0.390000 0.000000 0.000000
 -0.387500 0.000000 0.000000
 -0.385000 0.000000 0.000000
 -0.382500 0.000000 0.000000
 -0.380000 0.000000 0.000000
 -0.377500 0.000000 0.000000
 -0.375000 0.000000 0.000000
 -0.372500 0.000000 0.000000
 -0.370000 0.000000 0.000000
 -0.367500 0.000000 0.000000
 -0.365000 0.000000 0.000000
 -0.362500 0.000000 0.000000
 -0.360000 0.000000 0.000000
 -0.357500 0.000000 0.000000
 -0.355000 0.000000 0.000000
 -0.352500 0.000000 0.000000
 -0.350000 0.000000 0.000000
 -0.347500 0.000000 0.000000
 -0.345000 0.000000 0.000000
 -0.342500 0.000000 0.000000
 -0.340000 0.000000 0.000000
 -0.337500 0.000000 0.000000
 -0.335000 0.000000 0.000000
 -0.332500 0.000000 0.000000
 -0.330000 0.000000 0.000000
 -0.327500 0.000000 0.000000
 -0.325000 0.000000 0.000000
 -0.322500 0.000000 0.000000
 -0.320000 0.000000 0.000000
 -0.317500 0.000000 0.000000
 -0.315000 0.000000 0.000000
 -0.312500 0.000000 0.000000
 -0.310000 0.000000 0.000000
 -0.307500 0.000000 0.000000
 -0.305000 0.000000 0.000000
 -0.302500 0.000000 0.000000
 -0.300000 0.000000 0.000000
 -0.297500 0.000000 0.000000
 -0.295000 0.000000 0.000000
 -0.292500 0.000000 0.000000
 -0.290000 0.000000 0.000000
 -0.287500 0.000000 0.000000
 -0.285000 0.000000 0.000000
 -0.282500 0.000000 0.000000
 -0.280000 0.000000 0.000000
 -0.277500 0.000000 0.000000
 -0.275000 0.000000 0.000000
 -0.272500 0.000000 0.000000
 -0.270000 0.000000 0.000000
 -0.267500 0.000000 0.000000
 -0.265000 0.000000 0.000000
 -0.262500 0.000000 0.000000
 -0.260000 0.000000 0.000000
 -0.257500 0.000000 0.000000
 -0.255000 0.000000 0.000000
 -0.252500 0.000000 0.000000
 -0.250000 0.000000 0.000000
 -0.247500 0.000000 0.000000
 -0.245000 0.000000 0.000000
 -0.242500 0.000000 0.000000
 -0.240000 0.000000 0.000000
 -0.237500 0.000000 0.000000
 -0.235000 0.000000 0.000000
 -0.232500 0.000000 0.000000
 -0.230000 0.000000 0.000000
 -0.227500 0.000000 0.000000
 -0.225000 0.000000 0.000000
 -0.222500 0.000000 0.000000
 -0.220000 0.000000 0.000000
 -0.217500 0.000000 0.000000
 -0.215000 0.000000 0.000000
 -0.212500 0.000000 0.000000
 -0.210000 0.000000 0.000000
 -0.207500 0.000000 0.000000
 -0.205000 0.000000 0.000000
 -0.202500 0.000000 0.000000
 -0.200000 0.000000 0.000000
 -0.197500 0.000000 0.000000
 -0.195000 0.000000 0.000000
 -0.192500 0.000000 0.000000
 -0.190000 0.000000 0.000000
 -0.187500 0.000000 0.000000
 -0.185000 0.000000 0.000000
 -0.182500 0.000000 0.000000
 -0.180000 0.000000 0.000000
 -0.177500 0.000000 0.000000
 -0.175000 0.000000 0.000000
 -0.172500 0.000000 0.000000
 -0.170000 0.000000 0.000000
 -0.167500 0.000000 0.000000
 -0.165000 0.000000 0.000000
 -0.162500 0.000000 0.000000
 -0.160000 0.000000 0.000000
 -0.157500 0.000000 0.000000
 -0.155000 0.000000 0.000000
 -0.152500 0.000000 0.000000
 -0.150000 0.000000 0.000000
 -0.147500 0.000000 0.000000
 -0.145000 0.000000 0.000000
 -0.142500 0.000000 0.000000
 -0.140000 0.000000 0.000000
 -0.137500 0.000000 0.000000
 -0.135000 0.000000 0.000000
 -0.132500 0.000000 0.000000
 -0.130000 0.000000 0.000000
 -0.127500 0.000000 0.000000
 -0.125000 0.000000 0.000000
 -0.122500 0.000000 0.000000
 -0.120000 0.000000 0.000000
 -0.117500 0.000000 0.000000
 -0.115000 0.000000 0.000000
 -0.112500 0.000000 0.000000
 -0.110000 0.000000 0.000000
 -0.107500 0.000000 0.000000
 -0.105000 0.000000 0.000000
 -0.102500 0.000000 0.000000
 -0.100000 0.000000 0.000000
 -0.097500 0.000000 0.000000
 -0.095000 0.000000 0.000000
 -0.092500 0.000000 0.000000
 -0.090000 0.000000 0.000000
 -0.087500 0.000000 0.000000
 -0.085000 0.000000 0.000000
 -0.082500 0.000000 0.000000
 -0.080000 0.000000 0.000000
 -0.077500 0.000000 0.000000
 -0.075000 0.000000 0.000000
 -0.072500 0.000000 0.000000
 -0.070000 0.000000 0.000000
 -0.067500 0.000000 0.000000
 -0.065000 0.000000 0.000000
 -0.062500 0.000000 0.000000
 -0.060000 0.000000 0.000000
 -0.057500 0.000000 0.000000
 -0.055000 0.000000 0.000000
 -0.052500 0.000000 0.000000
 -0.050000 0.000000 0.000000
 -0.047500 0.000000 0.000000
 -0.045000 0.000000 0.000000
 -0.042500 0.000000 0.000000
 -0.040000 0.000000 0.000000
 -0.037500 0.000000 0.000000
 -0.035000 0.000000 0.000000
 -0.032500 0.000000 0.000000
 -0.030000 0.000000 0.000000
 -0.027500 0.000000 0.000000
 -0.025000 0.000000 0.000000
 -0.022500 0.000000 0.000000
 -0.020000 0.000000 0.000000
 -0.017500 0.000000 0.000000
 -0.015000 0.000000 0.000000
 -0.012500 0.000000 0.000000
 -0.010000 0.000000 0.000000
 -0.007500 0.000000 0.000000
 -0.005000 0.000000 0.000000
 -0.002500 0.000000 0.000000
 0.000000 0.000000 0.000000
 0.002500 0.000000 0.000000
 0.005000 0.000000 0.000000
 0.007500 0.000000 0.000000
 0.010000 0.000000 0.000000
 0.012500 0.000000 0.000000
 0.015000 0.000000 0.000000
 0.017500 0.000000 0.000000
 0.020000 0.000000 0.000000
 0.022500 0.000000 0.000000
 0.025000 0.000000 0.000000
 0.027500 0.000000 0.000000
 0.030000 0.000000 0.000000
 0.032500 0.000000 0.000000
 0.035000 0.000000 0.000000
 0.037500 0.000000 0.000000
 0.040000 0.000000 0.000000
 0.042500 0.000000 0.000000
 0.045000 0.000000 0.000000
 0.047500 0.000000 0.000000
 0.050000 0.000000 0.000000
 0.052500 0.000000 0.000000
 0.055000 0.000000 0.000000
 0.057500 0.000000 0.000000
 0.060000 0.000000 0.000000
 0.062500 0.000000 0.000000
 0.065000 0.000000 0.000000
 0.067500 0.000000 0.000000
 0.070000 0.000000 0.000000
 0.072500 0.000000 0.000000
 0.075000 0.000000 0.000000
 0.077500 0.000000 0.000000
 0.080000 0.000000 0.000000
 0.082500 0.000000 0.000000
 0.085000 0.000000 0.000000
 0.087500 0.000000 0.000000
 0.090000 0.000000 0.000000
 0.092500 0.000000 0.000000
 0.095000 0.000000 0.000000
 0.097500 0.000000 0.000000
 0.100000 0.000000 0.000000
 0.102500 0.000000 0.000000
 0.105000 0.000000 0.000000
 0.107500 0.000000 0.000000
 0.110000 0.000000 0.000000
 0.112500 0.000000 0.000000
 0.115000 0.000000 0.000000
 0.117500 0.000000 0.000000
 0.120000 0.000000 0.000000
 0.122500 0.000000 0.000000
 0.125000 0.000000 0.000000
 0.127500 0.000000 0.000000
 0.130000 0.000000 0.000000
 0.132500 0.000000 0.000000
 0.135000 0.000000 0.000000
 0.137500 0.000000 0.000000
 0.140000 0.000000 0.000000
 0.142500 0.000000 0.000000
 0.145000 0.000000 0.000000
 0.147500 0.000000 0.000000
 0.150000 0.000000 0.000000
 0.152500 0.000000 0.000000
 0.155000 0.000000 0.000000
 0.157500 0.000000 0.000000
 0.160000 0.000000 0.000000
 0.162500 0.000000 0.000000
 0.165000 0.000000 0.000000
 0.167500 0.000000 0.000000
 0.170000 0.000000 0.000000
 0.172500 0.000000 0.000000
 0.175000 0.000000 0.000000
 0.177500 0.000000 0.000000
 0.180000 0.000000 0.000000
 0.182500 0.000000 0.000000
 0.185000 0.000000 0.000000
 0.187500 0.000000 0.000000
 0.190000 0.000000 0.000000
 0.192500 0.000000 0.000000
 0.195000 0.000000 0.000000
 0.197500 0.000000 0.000000
 0.200000 0.000000 0.000000
 0.202500 0.000000 0.000000
 0.205000 0.000000 0.000000
 0.207500 0.000000 0.000000
 0.210000 0.000000 0.000000
 0.212500 0.000000 0.000000
 0.215000 0.000000 0.000000
 0.217500 0.000000 0.000000
 0.220000 0.000000 0.000000
 0.222500 0.000000 0.000000
 0.225000 0.000000 0.000000
 0.227500 0.000000 0.000000
 0.230000 0.000000 0.000000
 0.232500 0.000000 0.000000
 0.235000 0.000000 0.000000
 0.237500 0.000000 0.000000
 0.240000 0.000000 0.000000
 0.242500 0.000000 0.000000
 0.245000 0.000000 0.000000
 0.247500 0.000000 0.000000
 0.250000 0.000000 0.000000
 0.252500 0.000000 0.000000
 0.255000 0.000000 0.000000
 0.257500 0.000000 0.000000
 0.260000 0.000000 0.000000
 0.262500 0.000000 0.000000
 0.265000 0.000000 0.000000
 0.267500 0.000000 0.000000
 0.270000 0.000000 0.000000
 0.272500 0.000000 0.000000
 0.275000 0.000000 0.000000
 0.277500 0.000000 0.000000
 0.280000 0.000000 0.000000
 0.282500 0.000000 0.000000
 0.285000 0.000000 0.000000
 0.287500 0.000000 0.000192
 0.290000 0.000001 0.000460
 0.292500 0.000003 0.001028
 0.295000 0.000007 0.002149
 0.297500 0.000015 0.004193
 0.300000 0.000030 0.007868
 0.302500 0.000057 0.013958
 0.305000 0.000102 0.022686
 0.307500 0.000174 0.034770
 0.310000 0.000279 0.050129
 0.312500 0.000427 0.068574
 0.315000 0.000625 0.089570
 0.317500 0.000877 0.111957
 0.320000 0.001186 0.135412
 0.322500 0.001555 0.159491
 0.325000 0.001984 0.183852
 0.327500 0.002474 0.207884
 0.330000 0.003023 0.230081
 0.332500 0.003623 0.249079
 0.335000 0.004266 0.263432
 0.337500 0.004938 0.272248
 0.340000 0.005626 0.276699
 0.342500 0.006325 0.279871
 0.345000 0.007029 0.284020
 0.347500 0.007752 0.294854
 0.350000 0.008517 0.318592
 0.352500 0.009365 0.361726
 0.355000 0.010352 0.431503
 0.357500 0.011553 0.532923
 0.360000 0.013050 0.667184
 0.362500 0.014916 0.827851
 0.365000 0.017203 1.002674
 0.367500 0.019929 1.174566
 0.370000 0.023062 1.326042
 0.372500 0.026537 1.445277
 0.375000 0.030268 1.528711
 0.377500 0.034162 1.578145
 0.380000 0.038143 1.601995
 0.382500 0.042165 1.609743
 0.385000 0.046200 1.612085
 0.387500 0.050239 1.614844
 0.390000 0.054300 1.631069
 0.392500 0.058437 1.681001
 0.395000 0.062774 1.792378
 0.397500 0.067494 1.996789
 0.400000 0.072879 2.324559
 0.402500 0.079258 2.789987
 0.405000 0.086970 3.389522
 0.407500 0.096330 4.103901
 0.410000 0.107597 4.907172
 0.412500 0.120946 5.767239
 0.415000 0.136480 6.651081
 0.417500 0.154228 7.530908
 0.420000 0.174137 8.376717
 0.422500 0.196096 9.158587
 0.425000 0.219898 9.855428
 0.427500 0.245333 10.460938
 0.430000 0.272178 10.982157
 0.432500 0.300233 11.433040
 0.435000 0.329344 11.829122
 0.437500 0.359396 12.187159
 0.440000 0.390300 12.509373
 0.442500 0.421980 12.805046
 0.445000 0.454373 13.082456
 0.447500 0.487443 13.351387
 0.450000 0.521209 13.641660
 0.452500 0.555745 13.975580
 0.455000 0.591200 14.373897
 0.457500 0.627754 14.853277
 0.460000 0.665614 15.412146
 0.462500 0.704936 16.027335
 0.465000 0.745835 16.663115
 0.467500 0.788313 17.287718
 0.470000 0.832309 17.883260
 0.472500 0.877782 18.472164
 0.475000 0.924782 19.105188
 0.477500 0.973491 19.864379
 0.480000 1.024352 20.825256
 0.482500 1.077900 22.017658
 0.485000 1.134695 23.413446
 0.487500 1.195127 24.917914
 0.490000 1.259331 26.398691
 0.492500 1.327079 27.733880
 0.495000 1.397878 28.845452
 0.497500 1.471189 29.741848
 0.500000 1.546532 30.501653
 0.502500 1.623723 31.221644
 0.505000 1.702755 31.987770
 0.507500 1.783774 32.794301
 0.510000 1.866727 33.526689
 0.512500 1.951253 34.022107
 0.515000 2.036556 34.121689
 0.517500 2.121508 33.732759
 0.520000 2.204900 32.893330
 0.522500 2.285762 31.755436
 0.525000 2.363656 30.555836
 0.527500 2.438768 29.576920
 0.530000 2.511908 29.005311
 0.532500 2.584262 28.946106
 0.535000 2.657046 29.357875
 0.537500 2.731297 30.091862
 0.540000 2.807573 30.930222
 0.542500 2.885842 31.656940
 0.545000 2.965576 32.084571
 0.547500 3.045910 32.124692
 0.550000 3.125866 31.802127
 0.552500 3.204604 31.181479
 0.555000 3.281559 30.395694
 0.557500 3.356462 29.583050
 0.560000 3.429372 28.821520
 0.562500 3.500478 28.135199
 0.565000 3.569962 27.495597
 0.567500 3.637836 26.839863
 0.570000 3.703913 26.053189
 0.572500 3.767737 25.017459
 0.575000 3.828579 23.677315
 0.577500 3.885637 21.991136
 0.580000 3.938122 20.040189
 0.582500 3.985561 17.999694
 0.585000 4.028018 16.134634
 0.587500 4.066336 14.714816
 0.590000 4.101916 13.969243
 0.592500 4.136526 13.944429
 0.595000 4.171759 14.436304
 0.597500 4.208499 15.077332
 0.600000 4.246556 15.395411
 0.602500 4.284569 14.996658
 0.605000 4.320419 13.677678
 0.607500 4.351859 11.481912
 0.610000 4.376955 8.677607
 0.612500 4.394671 5.622683
 0.615000 4.404823 2.689720
 0.617500 4.408006 0.097445
 0.620000 4.405233 -2.047624
 0.622500 4.397685 -3.728163
 0.625000 4.386520 -4.960989
 0.627500 4.372810 -5.727378
 0.630000 4.357773 -6.033688
 0.632500 4.342552 -5.896709
 0.635000 4.328121 -5.417580
 0.637500 4.315091 -4.816277
 0.640000 4.303390 -4.415628
 0.642500 4.292092 -4.523531
 0.645000 4.279554 -5.382691
 0.647500 4.263782 -7.144800
 0.650000 4.242574 -9.712819
 0.652500 4.214180 -12.864134
 0.655000 4.177451 -16.325359
 0.657500 4.131953 -19.831650
 0.660000 4.077827 -23.180268
 0.662500 4.015704 -26.234279
 0.665000 3.946444 -28.866358
 0.667500 3.871246 -30.955497
 0.670000 3.791636 -32.359597
 0.672500 3.709545 -32.957136
 0.675000 3.627075 -32.656476
 0.677500 3.546398 -31.524093
 0.680000 3.469415 -29.747635
 0.682500 3.397387 -27.619544
 0.685000 3.330780 -25.437848
 0.687500 3.269417 -23.454534
 0.690000 3.212610 -21.792482
 0.692500 3.159516 -20.459229
 0.695000 3.109421 -19.434942
 0.697500 3.061559 -18.680697
 0.700000 3.015201 -18.231489
 0.702500 2.969439 -18.234596
 0.705000 2.922936 -18.849862
 0.707500 2.874023 -20.182941
 0.710000 2.820879 -22.204097
 0.712500 2.762031 -24.726665
 0.715000 2.696615 -27.382255
 0.717500 2.624843 -29.756562
 0.720000 2.547971 -31.404882
 0.722500 2.468197 -32.024479
 0.725000 2.388287 -31.535363
 0.727500 2.310894 -30.062123
 0.730000 2.238055 -27.936290
 0.732500 2.170883 -25.618757
 0.735000 2.109281 -23.554218
 0.737500 2.052202 -22.062312
 0.740000 1.997963 -21.269438
 0.742500 1.944872 -21.130310
 0.745000 1.891516 -21.424317
 0.747500 1.837173 -21.873281
 0.750000 1.781829 -22.194848
 0.752500 1.726051 -22.183855
 0.755000 1.670844 -21.756698
 0.757500 1.617221 -20.913350
 0.760000 1.566095 -19.780166
 0.762500 1.518012 -18.534825
 0.765000 1.473020 -17.350167
 0.767500 1.430780 -16.357998
 0.770000 1.390693 -15.639823
 0.772500 1.352036 -15.196453
 0.775000 1.314181 -15.002292
 0.777500 1.276582 -14.975368
 0.780000 1.238882 -15.069387
 0.782500 1.200848 -15.247181
 0.785000 1.162305 -15.473136
 0.787500 1.123196 -15.707017
 0.790000 1.083550 -15.878862
 0.792500 1.043606 -15.933786
 0.795000 1.003749 -15.828885
 0.797500 0.964371 -15.541257
 0.800000 0.925905 -15.115437
 0.802500 0.888619 -14.620179
 0.805000 0.852570 -14.135501
 0.807500 0.817657 -13.727931
 0.810000 0.783632 -13.411133
 0.812500 0.750290 -13.194951
 0.815000 0.717400 -13.037716
 0.817500 0.684863 -12.918591
 0.820000 0.652612 -12.800223
 0.822500 0.620693 -12.658091
 0.825000 0.589197 -12.460150
 0.827500 0.558291 -12.166270
 0.830000 0.528275 -11.757866
 0.832500 0.499454 -11.214012
 0.835000 0.472157 -10.537797
 0.837500 0.446694 -9.762987
 0.840000 0.423241 -8.931719
 0.842500 0.401905 -8.092893
 0.845000 0.382637 -7.271457
 0.847500 0.365371 -6.493284
 0.850000 0.349994 -5.767448
 0.852500 0.336368 -5.109301
 0.855000 0.324270 -4.536972
 0.857500 0.313449 -4.096810
 0.860000 0.303526 -3.832527
 0.862500 0.294018 -3.770276
 0.865000 0.284422 -3.905366
 0.867500 0.274273 -4.192715
 0.870000 0.263294 -4.566866
 0.872500 0.251364 -4.934958
 0.875000 0.238608 -5.227623
 0.877500 0.225277 -5.390283
 0.880000 0.211712 -5.405946
 0.882500 0.198277 -5.295123
 0.885000 0.185251 -5.086932
 0.887500 0.172840 -4.809354
 0.890000 0.161192 -4.485543
 0.892500 0.150391 -4.127758
 0.895000 0.140514 -3.749585
 0.897500 0.131600 -3.364055
 0.900000 0.123642 -2.985164
 0.902500 0.116598 -2.638991
 0.905000 0.110358 -2.345292
 0.907500 0.104763 -2.119047
 0.910000 0.099640 -1.974445
 0.912500 0.094781 -1.908170
 0.915000 0.090001 -1.909880
 0.917500 0.085152 -1.965586
 0.920000 0.080120 -2.046287
 0.922500 0.074881 -2.129681
 0.925000 0.069469 -2.185609
 0.927500 0.063974 -2.187522
 0.930000 0.058550 -2.125991
 0.932500 0.053365 -2.005532
 0.935000 0.048544 -1.836956
 0.937500 0.044182 -1.643499
 0.940000 0.040312 -1.447641
 0.942500 0.036913 -1.264920
 0.945000 0.033944 -1.107362
 0.947500 0.031340 -0.972607
 0.950000 0.029047 -0.858034
 0.952500 0.027024 -0.757110
 0.955000 0.025242 -0.664238
 0.957500 0.023686 -0.576661
 0.960000 0.022337 -0.495565
 0.962500 0.021181 -0.427260
 0.965000 0.020177 -0.375258
 0.967500 0.019279 -0.340941
 0.970000 0.018448 -0.324048
 0.972500 0.017644 -0.316796
 0.975000 0.016855 -0.312265
 0.977500 0.016080 -0.303737
 0.980000 0.015330 -0.292226
 0.982500 0.014612 -0.281626
 0.985000 0.013912 -0.277598
 0.987500 0.013207 -0.286368
 0.990000 0.012464 -0.309701
 0.992500 0.011646 -0.342539
 0.995000 0.010741 -0.379838
 0.997500 0.009747 -0.411821
 1.000000 0.008688 -0.432186
 1.002500 0.007599 -0.435459
 1.005000 0.006522 -0.421442
 1.007500 0.005500 -0.394147
 1.010000 0.004558 -0.356434
 1.012500 0.003717 -0.314886
 1.015000 0.002981 -0.273131
 1.017500 0.002347 -0.233662
 1.020000 0.001809 -0.197460
 1.022500 0.001357 -0.163899
 1.025000 0.000986 -0.132160
 1.027500 0.000690 -0.103240
 1.030000 0.000464 -0.077646
 1.032500 0.000298 -0.055377
 1.035000 0.000182 -0.037467
 1.037500 0.000105 -0.023835
 1.040000 0.000057 -0.014168
 1.042500 0.000030 -0.008102
 1.045000 0.000015 -0.004334
 1.047500 0.000006 -0.002016
 1.050000 0.000003 -0.000958
 1.052500 0.000001 -0.000426
 1.055000 0.000000 0.000000
 1.057500 0.000000 0.000000
 1.060000 0.000000 0.000000
 1.062500 0.000000 0.000000
 1.065000 0.000000 0.000000
 1.067500 0.000000 0.000000
 1.070000 0.000000 0.000000
 1.072500 0.000000 0.000000
 1.075000 0.000000 0.000000
 1.077500 0.000000 0.000000
 1.080000 0.000000 0.000000
 1.082500 0.000000 0.000000
 1.085000 0.000000 0.000000
 1.087500 0.000000 0.000000
 1.090000 0.000000 0.000000
 1.092500 0.000000 0.000000
 1.095000 0.000000 0.000000
 1.097500 0.000000 0.000000
 1.100000 0.000000 0.000000
 1.102500 0.000000 0.000000
 1.105000 0.000000 0.000000
 1.107500 0.000000 0.000000
 1.110000 0.000000 0.000000
 1.112500 0.000000 0.000000
 1.115000 0.000000 0.000000
 1.117500 0.000000 0.000000
 1.120000 0.000000 0.000000
 1.122500 0.000000 0.000000
 1.125000 0.000000 0.000000
 1.127500 0.000000 0.000000
 1.130000 0.000000 0.000000
 1.132500 0.000000 0.000000
 1.135000 0.000000 0.000000
 1.137500 0.000000 0.000000
 1.140000 0.000000 0.000000
 1.142500 0.000000 0.000000
 1.145000 0.000000 0.000000
 1.147500 0.000000 0.000000
 1.150000 0.000000 0.000000
 1.152500 0.000000 0.000000
 1.155000 0.000000 0.000000
 1.157500 0.000000 0.000000
 1.160000 0.000000 0.000000
 1.162500 0.000000 0.000000
 1.165000 0.000000 0.000000
 1.167500 0.000000 0.000000
 1.170000 0.000000 0.000000
 1.172500 0.000000 0.000000
 1.175000 0.000000 0.000000
 1.177500 0.000000 0.000000
 1.180000 0.000000 0.000000
 1.182500 0.000000 0.000000
 1.185000 0.000000 0.000000
 1.187500 0.000000 0.000000
 1.190000 0.000000 0.000000
 1.192500 0.000000 0.000000
 1.195000 0.000000 0.000000
 1.197500 0.000000 0.000000
 1.200000 0.000000 0.000000
 1.202500 0.000000 0.000000
 1.205000 0.000000 0.000000
 1.207500 0.000000 0.000000
 1.210000 0.000000 0.000000
 1.212500 0.000000 0.000000
 1.215000 0.000000 0.000000
 1.217500 0.000000 0.000000
 1.220000 0.000000 0.000000
 1.222500 0.000000 0.000000
 1.225000 0.000000 0.000000
 1.227500 0.000000 0.000000
 1.230000 0.000000 0.000000
 1.232500 0.000000 0.000000
 1.235000 0.000000 0.000000
 1.237500 0.000000 0.000000
 1.240000 0.000000 0.000000
 1.242500 0.000000 0.000000
 1.245000 0.000000 0.000000
 1.247500 0.000000 0.000000
 1.250000 0.000000 0.000000
 1.252500 0.000000 0.000000
 1.255000 0.000000 0.000000
 1.257500 0.000000 0.000000
 1.260000 0.000000 0.000000
 1.262500 0.000000 0.000000
 1.265000 0.000000 0.000000
 1.267500 0.000000 0.000000
 1.270000 0.000000 0.000000
 1.272500 0.000000 0.000000
 1.275000 0.000000 0.000000
 1.277500 0.000000 0.000000
 1.280000 0.000000 0.000000
 1.282500 0.000000 0.000000
 1.285000 0.000000 0.000000
 1.287500 0.000000 0.000000
 1.290000 0.000000 0.000000
 1.292500 0.000000 0.000000
 1.295000 0.000000 0.000000
 1.297500 0.000000 0.000000
 1.300000 0.000000 0.000000
 1.302500 0.000000 0.000000
 1.305000 0.000000 0.000000
 1.307500 0.000000 0.000000
 1.310000 0.000000 0.000000
 1.312500 0.000000 0.000000
 1.315000 0.000000 0.000000
 1.317500 0.000000 0.000000
 1.320000 0.000000 0.000000
 1.322500 0.000000 0.000000
 1.325000 0.000000 0.000000
 1.327500 0.000000 0.000000
 1.330000 0.000000 0.000000
 1.332500 0.000000 0.000000
 1.335000 0.000000 0.000000
 1.337500 0.000000 0.000000
 1.340000 0.000000 0.000000
 1.342500 0.000000 0.000000
 1.345000 0.000000 0.000000
 1.347500 0.000000 0.000000
 1.350000 0.000000 0.000000
 1.352500 0.000000 0.000000
 1.355000 0.000000 0.000000
 1.357500 0.000000 0.000000
 1.360000 0.000000 0.000000
 1.362500 0.000000 0.000000
 1.365000 0.000000 0.000000
 1.367500 0.000000 0.000000
 1.370000 0.000000 0.000000
 1.372500 0.000000 0.000000
 1.375000 0.000000 0.000000
 1.377500 0.000000 0.000000
 1.380000 0.000000 0.000000
 1.382500 0.000000 0.000000
 1.385000 0.000000 0.000000
 1.387500 0.000000 0.000000
 1.390000 0.000000 0.000000
 1.392500 0.000000 0.000000
 1.395000 0.000000 0.000000
 1.397500 0.000000 0.000000
 1.400000 0.000000 0.000000
 1.402500 0.000000 0.000000
 1.405000 0.000000 0.000000
 1.407500 0.000000 0.000000
 1.410000 0.000000 0.000000
 1.412500 0.000000 0.000000
 1.415000 0.000000 0.000000
 1.417500 0.000000 0.000000
 1.420000 0.000000 0.000000
 1.422500 0.000000 0.000000
 1.425000 0.000000 0.000000
 1.427500 0.000000 0.000000
 1.430000 0.000000 0.000000
 1.432500 0.000000 0.000000
 1.435000 0.000000 0.000000
 1.437500 0.000000 0.000000
 1.440000 0.000000 0.000000
 1.442500 0.000000 0.000000
 1.445000 0.000000 0.000000
 1.447500 0.000000 0.000000
 1.450000 0.000000 0.000000
 1.452500 0.000000 0.000000
 1.455000 0.000000 0.000000
 1.457500 0.000000 0.000000
 1.460000 0.000000 0.000000
 1.462500 0.000000 0.000000
 1.465000 0.000000 0.000000
 1.467500 0.000000 0.000000
 1.470000 0.000000 0.000000
 1.472500 0.000000 0.000000
 1.475000 0.000000 0.000000
 1.477500 0.000000 0.000000
 1.480000 0.000000 0.000000
 1.482500 0.000000 0.000000
 1.485000 0.000000 0.000000
 1.487500 0.000000 0.000000
 1.490000 0.000000 0.000000
 1.492500 0.000000 0.000000
 1.495000 0.000000 0.000000
 1.497500 0.000000 0.000000
 1.500000 0.000000 0.000000
 1.502500 0.000000 0.000000
 1.505000 0.000000 0.000000
 1.507500 0.000000 0.000000
 1.510000 0.000000 0.000000
 1.512500 0.000000 0.000000
 1.515000 0.000000 0.000000
 1.517500 0.000000 0.000000
 1.520000 0.000000 0.000000
 1.522500 0.000000 0.000000
 1.525000 0.000000 0.000000
 1.527500 0.000000 0.000000
 1.530000 0.000000 0.000000
 1.532500 0.000000 0.000000
 1.535000 0.000000 0.000000
 1.537500 0.000000 0.000000
 1.540000 0.000000 0.000000
 1.542500 0.000000 0.000000
 1.545000 0.000000 0.000000
 1.547500 0.000000 0.000000
 1.550000 0.000000 0.000000
 1.552500 0.000000 0.000000
 1.555000 0.000000 0.000000
 1.557500 0.000000 0.000000
 1.560000 0.000000 0.000000
 1.562500 0.000000 0.000000
 1.565000 0.000000 0.000000
 1.567500 0.000000 0.000000
 1.570000 0.000000 0.000000
 1.572500 0.000000 0.000000
 1.575000 0.000000 0.000000
 1.577500 0.000000 0.000000
 1.580000 0.000000 0.000000
 1.582500 0.000000 0.000000
 1.585000 0.000000 0.000000
 1.587500 0.000000 0.000000
 1.590000 0.000000 0.000000
 1.592500 0.000000 0.000000
 1.595000 0.000000 0.000000
 1.597500 0.000000 0.000000
 1.600000 0.000000 0.000000
 1.602500 0.000000 0.000000
 1.605000 0.000000 0.000000
 1.607500 0.000000 0.000000
 1.610000 0.000000 0.000000
 1.612500 0.000000 0.000000
 1.615000 0.000000 0.000000
 1.617500 0.000000 0.000000
 1.620000 0.000000 0.000000
 1.622500 0.000000 0.000000
 1.625000 0.000000 0.000000
 1.627500 0.000000 0.000000
 1.630000 0.000000 0.000000
 1.632500 0.000000 0.000000
 1.635000 0.000000 0.000000
 1.637500 0.000000 0.000000
 1.640000 0.000000 0.000000
 1.642500 0.000000 0.000000
 1.645000 0.000000 0.000000
 1.647500 0.000000 0.000000
 1.650000 0.000000 0.000000
 1.652500 0.000000 0.000000
 1.655000 0.000000 0.000000
 1.657500 0.000000 0.000000
 1.660000 0.000000 0.000000
 1.662500 0.000000 0.000000
 1.665000 0.000000 0.000000
 1.667500 0.000000 0.000000
 1.670000 0.000000 0.000000
 1.672500 0.000000 0.000000
 1.675000 0.000000 0.000000
 1.677500 0.000000 0.000000
 1.680000 0.000000 0.000000
 1.682500 0.000000 0.000000
 1.685000 0.000000 0.000000
 1.687500 0.000000 0.000000
 1.690000 0.000000 0.000000
 1.692500 0.000000 0.000000
 1.695000 0.000000 0.000000
 1.697500 0.000000 0.000000
 1.700000 0.000000 0.000000
 1.702500 0.000000 0.000000
 1.705000 0.000000 0.000000
 1.707500 0.000000 0.000000
 1.710000 0.000000 0.000000
 1.712500 0.000000 0.000000
 1.715000 0.000000 0.000000
 1.717500 0.000000 0.000000
 1.720000 0.000000 0.000000
 1.722500 0.000000 0.000000
 1.725000 0.000000 0.000000
 1.727500 0.000000 0.000000
 1.730000 0.000000 0.000000
 1.732500 0.000000 0.000000
 1.735000 0.000000 0.000000
 1.737500 0.000000 0.000000
 1.740000 0.000000 0.000000
 1.742500 0.000000 0.000000
 1.745000 0.000000 0.000000
 1.747500 0.000000 0.000000
 1.750000 0.000000 0.000000
 1.752500 0.000000 0.000000
 1.755000 0.000000 0.000000
 1.757500 0.000000 0.000000
 1.760000 0.000000 0.000000
 1.762500 0.000000 0.000000
 1.765000 0.000000 0.000000
 1.767500 0.000000 0.000000
 1.770000 0.000000 0.000000
 1.772500 0.000000 0.000000
 1.775000 0.000000 0.000000
 1.777500 0.000000 0.000000
 1.780000 0.000000 0.000000
 1.782500 0.000000 0.000000
 1.785000 0.000000 0.000000
 1.787500 0.000000 0.000000
 1.790000 0.000000 0.000000
 1.792500 0.000000 0.000000
 1.795000 0.000000 0.000000
 1.797500 0.000000 0.000000
 1.800000 0.000000 0.000000
 1.802500 0.000000 0.000000
 1.805000 0.000000 0.000000
 1.807500 0.000000 0.000000
 1.810000 0.000000 0.000000
 1.812500 0.000000 0.000000
 1.815000 0.000000 0.000000
 1.817500 0.000000 0.000000
 1.820000 0.000000 0.000000
 1.822500 0.000000 0.000000
 1.825000 0.000000 0.000000
 1.827500 0.000000 0.000000
 1.830000 0.000000 0.000000
 1.832500 0.000000 0.000000
 1.835000 0.000000 0.000000
 1.837500 0.000000 0.000000
 1.840000 0.000000 0.000000
 1.842500 0.000000 0.000000
 1.845000 0.000000 0.000000
 1.847500 0.000000 0.000000
 1.850000 0.000000 0.000000
 1.852500 0.000000 0.000000
 1.855000 0.000000 0.000000
 1.857500 0.000000 0.000000
 1.860000 0.000000 0.000000
 1.862500 0.000000 0.000000
 1.865000 0.000000 0.000000
 1.867500 0.000000 0.000000
 1.870000 0.000000 0.000000
 1.872500 0.000000 0.000000
 1.875000 0.000000 0.000000
 1.877500 0.000000 0.000000
 1.880000 0.000000 0.000000
 1.882500 0.000000 0.000000
 1.885000 0.000000 0.000000
 1.887500 0.000000 0.000000
 1.890000 0.000000 0.000000
 1.892500 0.000000 0.000000
 1.895000 0.000000 0.000000
 1.897500 0.000000 0.000000
 1.900000 0.000000 0.000000
 1.902500 0.000000 0.000000
 1.905000 0.000000 0.000000
 1.907500 0.000000 0.000000
 1.910000 0.000000 0.000000
 1.912500 0.000000 0.000000
 1.915000 0.000000 0.000000
 1.917500 0.000000 0.000000
 1.920000 0.000000 0.000000
 1.922500 0.000000 0.000000
 1.925000 0.000000 0.000000
 1.927500 0.000000 0.000000
 1.930000 0.000000 0.000000
 1.932500 0.000000 0.000000
 1.935000 0.000000 0.000000
 1.937500 0.000000 0.000000
 1.940000 0.000000 0.000000
 1.942500 0.000000 0.000000
 1.945000 0.000000 0.000000
 1.947500 0.000000 0.000000
 1.950000 0.000000 0.000000
 1.952500 0.000000 0.000000
 1.955000 0.000000 0.000000
 1.957500 0.000000 0.000000
 1.960000 0.000000 0.000000
 1.962500 0.000000 0.000000
 1.965000 0.000000 0.000000
 1.967500 0.000000 0.000000
 1.970000 0.000000 0.000000
 1.972500 0.000000 0.000000
 1.975000 0.000000 0.000000
 1.977500 0.000000 0.000000
 1.980000 0.000000 0.000000
 1.982500 0.000000 0.000000
 1.985000 0.000000 0.000000
 1.987500 0.000000 0.000000
 1.990000 0.000000 0.000000
 1.992500 0.000000 0.000000
 1.995000 0.000000 0.000000
 1.997500 0.000000 0.000000
 2.000000 0.000000 0.000000
