#! FIELDS es hh dhh_es
#! SET normalisation  200.000000
#! SET min_es -0.5
#! SET max_es 2
#! SET nbins_es  1000
#! SET periodic_es false
 -0.500000 0.000000 0.000000
 -0.497500 0.000000 0.000000
 -0.495000 0.000000 0.000000
 -0.492500 0.000000 0.000000
 -0.490000 0.000000 0.000000
 -0.487500 0.000000 0.000000
 -0.485000 0.000000 0.000000
 -0.482500 0.000000 0.000000
 -0.480000 0.000000 0.000000
 -0.477500 0.000000 0.000000
 -0.475000 0.000000 0.000000
 -0.472500 0.000000 0.000000
 -0.470000 0.000000 0.000000
 -0.467500 0.000000 0.000000
 -0.465000 0.000000 0.000000
 -0.462500 0.000000 0.000000
 -0.460000 0.000000 0.000000
 -0.457500 0.000000 0.000000
 -0.455000 0.000000 0.000000
 -0.452500 0.000000 0.000000
 -0.450000 0.000000 0.000000
 -0.447500 0.000000 0.000000
 -0.445000 0.000000 0.000000
 -0.442500 0.000000 0.000000
 -0.440000 0.000000 0.000000
 -0.437500 0.000000 0.000000
 -0.435000 0.000000 0.000000
 -0.432500 0.000000 0.000000
 -0.430000 0.000000 0.000000
 -0.427500 0.000000 0.000000
 -0.425000 0.000000 0.000000
 -0.422500 0.000000 0.000000
 -0.420000 0.000000 0.000000
 -0.417500 0.000000 0.000000
 -0.415000 0.000000 0.000000
 -0.412500 0.000000 0.000000
 -0.410000 0.000000 0.000000
 -0.407500 0.000000 0.000000
 -0.405000 0.000000 0.000000
 -0.402500 0.000000 0.000000
 -0.400000 0.000000 0.000000
 -0.397500 0.000000 0.000000
 -0.395000 0.000000 0.000000
 -0.392500 0.000000 0.000000
 -0.390000 0.000000 0.000000
 -0.387500 0.000000 0.000000
 -0.385000 0.000000 0.000000
 -0.382500 0.000000 0.000000
 -0.380000 0.000000 0.000000
 -0.377500 0.000000 0.000000
 -0.375000 0.000000 0.000000
 -0.372500 0.000000 0.000000
 -0.370000 0.000000 0.000000
 -0.367500 0.000000 0.000000
 -0.365000 0.000000 0.000000
 -0.362500 0.000000 0.000000
 -0.360000 0.000000 0.000000
 -0.357500 0.000000 0.000000
 -0.355000 0.000000 0.000000
 -0.352500 0.000000 0.000000
 -0.350000 0.000000 0.000000
 -0.347500 0.000000 0.000000
 -0.345000 0.000000 0.000000
 -0.342500 0.000000 0.000000
 -0.340000 0.000000 0.000000
 -0.337500 0.000000 0.000000
 -0.335000 0.000000 0.000000
 -0.332500 0.000000 0.000000
 -0.330000 0.000000 0.000000
 -0.327500 0.000000 0.000000
 -0.325000 0.000000 0.000000
 -0.322500 0.000000 0.000000
 -0.320000 0.000000 0.000000
 -0.317500 0.000000 0.000000
 -0.315000 0.000000 0.000000
 -0.312500 0.000000 0.000000
 -0.310000 0.000000 0.000000
 -0.307500 0.000000 0.000000
 -0.305000 0.000000 0.000000
 -0.302500 0.000000 0.000000
 -0.300000 0.000000 0.000000
 -0.297500 0.000000 0.000000
 -0.295000 0.000000 0.000000
 -0.292500 0.000000 0.000000
 -0.290000 0.000000 0.000000
 -0.287500 0.000000 0.000000
 -0.285000 0.000000 0.000000
 -0.282500 0.000000 0.000000
 -0.280000 0.000000 0.000000
 -0.277500 0.000000 0.000000
 -0.275000 0.000000 0.000000
 -0.272500 0.000000 0.000000
 -0.270000 0.000000 0.000000
 -0.267500 0.000000 0.000000
 -0.265000 0.000000 0.000000
 -0.262500 0.000000 0.000000
 -0.260000 0.000000 0.000000
 -0.257500 0.000000 0.000000
 -0.255000 0.000000 0.000000
 -0.252500 0.000000 0.000000
 -0.250000 0.000000 0.000000
 -0.247500 0.000000 0.000000
 -0.245000 0.000000 0.000000
 -0.242500 0.000000 0.000000
 -0.240000 0.000000 0.000000
 -0.237500 0.000000 0.000000
 -0.235000 0.000000 0.000000
 -0.232500 0.000000 0.000000
 -0.230000 0.000000 0.000000
 -0.227500 0.000000 0.000000
 -0.225000 0.000000 0.000000
 -0.222500 0.000000 0.000000
 -0.220000 0.000000 0.000000
 -0.217500 0.000000 0.000000
 -0.215000 0.000000 0.000000
 -0.212500 0.000000 0.000000
 -0.210000 0.000000 0.000000
 -0.207500 0.000000 0.000000
 -0.205000 0.000000 0.000000
 -0.202500 0.000000 0.000000
 -0.200000 0.000000 0.000000
 -0.197500 0.000000 0.000000
 -0.195000 0.000000 0.000000
 -0.192500 0.000000 0.000000
 -0.190000 0.000000 0.000000
 -0.187500 0.000000 0.000000
 -0.185000 0.000000 0.000000
 -0.182500 0.000000 0.000000
 -0.180000 0.000000 0.000000
 -0.177500 0.000000 0.000000
 -0.175000 0.000000 0.000000
 -0.172500 0.000000 0.000000
 -0.170000 0.000000 0.000000
 -0.167500 0.000000 0.000000
 -0.165000 0.000000 0.000000
 -0.162500 0.000000 0.000000
 -0.160000 0.000000 0.000000
 -0.157500 0.000000 0.000000
 -0.155000 0.000000 0.000000
 -0.152500 0.000000 0.000000
 -0.150000 0.000000 0.000000
 -0.147500 0.000000 0.000000
 -0.145000 0.000000 0.000000
 -0.142500 0.000000 0.000000
 -0.140000 0.000000 0.000000
 -0.137500 0.000000 0.000000
 -0.135000 0.000000 0.000000
 -0.132500 0.000000 0.000000
 -0.130000 0.000000 0.000000
 -0.127500 0.000000 0.000000
 -0.125000 0.000000 0.000000
 -0.122500 0.000000 0.000000
 -0.120000 0.000000 0.000000
 -0.117500 0.000000 0.000000
 -0.115000 0.000000 0.000000
 -0.112500 0.000000 0.000000
 -0.110000 0.000000 0.000000
 -0.107500 0.000000 0.000000
 -0.105000 0.000000 0.000000
 -0.102500 0.000000 0.000000
 -0.100000 0.000000 0.000000
 -0.097500 0.000000 0.000000
 -0.095000 0.000000 0.000000
 -0.092500 0.000000 0.000000
 -0.090000 0.000000 0.000000
 -0.087500 0.000000 0.000000
 -0.085000 0.000000 0.000000
 -0.082500 0.000000 0.000000
 -0.080000 0.000000 0.000000
 -0.077500 0.000000 0.000000
 -0.075000 0.000000 0.000000
 -0.072500 0.000000 0.000000
 -0.070000 0.000000 0.000000
 -0.067500 0.000000 0.000000
 -0.065000 0.000000 0.000000
 -0.062500 0.000000 0.000000
 -0.060000 0.000000 0.000000
 -0.057500 0.000000 0.000000
 -0.055000 0.000000 0.000000
 -0.052500 0.000000 0.000000
 -0.050000 0.000000 0.000000
 -0.047500 0.000000 0.000000
 -0.045000 0.000000 0.000000
 -0.042500 0.000000 0.000000
 -0.040000 0.000000 0.000000
 -0.037500 0.000000 0.000000
 -0.035000 0.000000 0.000000
 -0.032500 0.000000 0.000000
 -0.030000 0.000000 0.000000
 -0.027500 0.000002 0.000902
 -0.025000 0.000018 0.006664
 -0.022500 0.000058 0.021146
 -0.020000 0.000174 0.060318
 -0.017500 0.000445 0.146733
 -0.015000 0.001046 0.326196
 -0.012500 0.002297 0.673403
 -0.010000 0.004743 1.300827
 -0.007500 0.009289 2.373235
 -0.005000 0.017282 4.094381
 -0.002500 0.030638 6.701026
 0.000000 0.051877 10.429710
 0.002500 0.084070 15.471837
 0.005000 0.130575 21.890377
 0.007500 0.194808 29.613756
 0.010000 0.279715 38.369330
 0.012500 0.387376 47.720456
 0.015000 0.518545 57.085074
 0.017500 0.672523 65.855318
 0.020000 0.847078 73.455692
 0.022500 1.038692 79.438722
 0.025000 1.242949 83.534481
 0.027500 1.454982 85.657063
 0.030000 1.669898 85.875848
 0.032500 1.883192 84.396224
 0.035000 2.090952 81.498528
 0.037500 2.290038 77.512680
 0.040000 2.478162 72.789776
 0.042500 2.653951 67.689856
 0.045000 2.816844 62.521164
 0.047500 2.966970 57.511006
 0.050000 3.104886 52.768004
 0.052500 3.231260 48.281650
 0.055000 3.346643 43.949716
 0.057500 3.451263 39.678389
 0.060000 3.545186 35.409837
 0.062500 3.628491 31.217610
 0.065000 3.701526 27.227719
 0.067500 3.764949 23.582246
 0.070000 3.819758 20.359498
 0.072500 3.866974 17.514026
 0.075000 3.907458 14.959478
 0.077500 3.941821 12.622354
 0.080000 3.970559 10.509314
 0.082500 3.994382 8.694638
 0.085000 4.014166 7.325910
 0.087500 4.031146 6.445830
 0.090000 4.046462 5.990577
 0.092500 4.060938 5.707014
 0.095000 4.074592 5.305135
 0.097500 4.086779 4.508468
 0.100000 4.096343 3.230660
 0.102500 4.102186 1.558423
 0.105000 4.103619 -0.228961
 0.107500 4.100772 -1.829759
 0.110000 4.094436 -2.983123
 0.112500 4.085907 -3.589064
 0.115000 4.076461 -3.724464
 0.117500 4.067081 -3.578374
 0.120000 4.058141 -3.367827
 0.122500 4.049595 -3.313947
 0.125000 4.040850 -3.550004
 0.127500 4.031103 -4.138257
 0.130000 4.019443 -5.063806
 0.132500 4.005145 -6.250070
 0.135000 3.987600 -7.593714
 0.137500 3.966648 -8.981353
 0.140000 3.942306 -10.245105
 0.142500 3.915079 -11.276496
 0.145000 3.885696 -11.964855
 0.147500 3.855096 -12.236182
 0.150000 3.824376 -12.087358
 0.152500 3.794522 -11.550507
 0.155000 3.766366 -10.759090
 0.157500 3.740328 -9.890978
 0.160000 3.716295 -9.174519
 0.162500 3.693633 -8.822836
 0.165000 3.671291 -8.946211
 0.167500 3.648069 -9.484233
 0.170000 3.623181 -10.246341
 0.172500 3.596400 -10.936505
 0.175000 3.568289 -11.282719
 0.177500 3.539910 -11.130098
 0.180000 3.512515 -10.545227
 0.182500 3.486855 -9.768220
 0.185000 3.463062 -9.123303
 0.187500 3.440431 -8.882718
 0.190000 3.417717 -9.167808
 0.192500 3.393699 -9.925157
 0.195000 3.367440 -10.915754
 0.197500 3.338710 -11.874040
 0.200000 3.307859 -12.564403
 0.202500 3.275695 -12.927937
 0.205000 3.242970 -13.026802
 0.207500 3.210195 -13.008219
 0.210000 3.177416 -13.013463
 0.212500 3.144519 -13.157492
 0.215000 3.111114 -13.391586
 0.217500 3.077066 -13.654156
 0.220000 3.042409 -13.889615
 0.222500 3.007230 -14.084635
 0.225000 2.971484 -14.339167
 0.227500 2.934883 -14.797278
 0.230000 2.896722 -15.600344
 0.232500 2.856066 -16.804289
 0.235000 2.811935 -18.344169
 0.237500 2.763704 -20.081234
 0.240000 2.711098 -21.796006
 0.242500 2.654441 -23.303841
 0.245000 2.594446 -24.454539
 0.247500 2.532070 -25.186078
 0.250000 2.468385 -25.520929
 0.252500 2.404306 -25.515667
 0.255000 2.340533 -25.276675
 0.257500 2.277552 -24.894177
 0.260000 2.215646 -24.462990
 0.262500 2.154869 -23.995671
 0.265000 2.095282 -23.497642
 0.267500 2.036990 -22.963670
 0.270000 1.980065 -22.382697
 0.272500 1.924633 -21.787349
 0.275000 1.870681 -21.223492
 0.277500 1.818029 -20.753866
 0.280000 1.766383 -20.424418
 0.282500 1.715403 -20.229146
 0.285000 1.664844 -20.062014
 0.287500 1.614800 -19.795792
 0.290000 1.565706 -19.285270
 0.292500 1.518275 -18.465006
 0.295000 1.473277 -17.361427
 0.297500 1.431271 -16.109582
 0.300000 1.392372 -14.892241
 0.302500 1.356300 -13.906030
 0.305000 1.322297 -13.217138
 0.307500 1.289643 -12.835524
 0.310000 1.257660 -12.649909
 0.312500 1.226047 -12.531228
 0.315000 1.194805 -12.339908
 0.317500 1.164213 -12.000803
 0.320000 1.134666 -11.521897
 0.322500 1.106428 -10.953568
 0.325000 1.079620 -10.409643
 0.327500 1.054033 -9.991552
 0.330000 1.029244 -9.777123
 0.332500 1.004715 -9.807762
 0.335000 0.979853 -10.025020
 0.337500 0.954311 -10.338744
 0.340000 0.928004 -10.610815
 0.342500 0.901200 -10.719191
 0.345000 0.874409 -10.578805
 0.347500 0.848292 -10.208685
 0.350000 0.823313 -9.681679
 0.352500 0.799710 -9.129846
 0.355000 0.777394 -8.686362
 0.357500 0.755966 -8.420263
 0.360000 0.734976 -8.338426
 0.362500 0.714033 -8.355892
 0.365000 0.693040 -8.363887
 0.367500 0.672151 -8.251032
 0.370000 0.651767 -7.967265
 0.372500 0.632305 -7.523913
 0.375000 0.614063 -6.993327
 0.377500 0.597141 -6.493408
 0.380000 0.581344 -6.116692
 0.382500 0.566275 -5.927475
 0.385000 0.551422 -5.925643
 0.387500 0.536380 -6.079869
 0.390000 0.520848 -6.313987
 0.392500 0.504714 -6.543513
 0.395000 0.488077 -6.701976
 0.397500 0.471191 -6.742098
 0.400000 0.454368 -6.648958
 0.402500 0.437934 -6.434082
 0.405000 0.422170 -6.119734
 0.407500 0.407293 -5.737474
 0.410000 0.393434 -5.314620
 0.412500 0.380657 -4.871075
 0.415000 0.368993 -4.423042
 0.417500 0.358437 -3.987220
 0.420000 0.348950 -3.582360
 0.422500 0.340416 -3.220177
 0.425000 0.332706 -2.916339
 0.427500 0.325674 -2.694554
 0.430000 0.319098 -2.549514
 0.432500 0.312785 -2.479801
 0.435000 0.306559 -2.484489
 0.437500 0.300242 -2.548356
 0.440000 0.293700 -2.661036
 0.442500 0.286849 -2.799110
 0.445000 0.279645 -2.939175
 0.447500 0.272103 -3.060831
 0.450000 0.264281 -3.170604
 0.452500 0.256194 -3.281932
 0.455000 0.247797 -3.426804
 0.457500 0.238956 -3.631967
 0.460000 0.229526 -3.904337
 0.462500 0.219369 -4.206945
 0.465000 0.208487 -4.465218
 0.467500 0.197100 -4.592537
 0.470000 0.185641 -4.514521
 0.472500 0.174693 -4.187882
 0.475000 0.164862 -3.618639
 0.477500 0.156693 -2.876318
 0.480000 0.150496 -2.062102
 0.482500 0.146305 -1.288885
 0.485000 0.143880 -0.663995
 0.487500 0.142750 -0.264104
 0.490000 0.142301 -0.125790
 0.492500 0.141875 -0.241067
 0.495000 0.140876 -0.570592
 0.497500 0.138853 -1.049780
 0.500000 0.135533 -1.594954
 0.502500 0.130857 -2.114436
 0.505000 0.124998 -2.533235
 0.507500 0.118293 -2.791681
 0.510000 0.111173 -2.863653
 0.512500 0.104094 -2.766506
 0.515000 0.097422 -2.545272
 0.517500 0.091393 -2.270505
 0.520000 0.086056 -1.995327
 0.522500 0.081358 -1.764360
 0.525000 0.077166 -1.589121
 0.527500 0.073357 -1.456483
 0.530000 0.069852 -1.336489
 0.532500 0.066656 -1.203376
 0.535000 0.063834 -1.042638
 0.537500 0.061450 -0.848972
 0.540000 0.059579 -0.637353
 0.542500 0.058238 -0.425582
 0.545000 0.057401 -0.239417
 0.547500 0.056986 -0.096665
 0.550000 0.056858 -0.011718
 0.552500 0.056856 0.002208
 0.555000 0.056790 -0.063284
 0.557500 0.056466 -0.206184
 0.560000 0.055701 -0.407023
 0.562500 0.054392 -0.636510
 0.565000 0.052520 -0.849574
 0.567500 0.050184 -1.001529
 0.570000 0.047584 -1.056533
 0.572500 0.044983 -1.002233
 0.575000 0.042642 -0.853076
 0.577500 0.040759 -0.644673
 0.580000 0.039419 -0.426049
 0.582500 0.038585 -0.246962
 0.585000 0.038112 -0.141446
 0.587500 0.037795 -0.123405
 0.590000 0.037423 -0.182826
 0.592500 0.036830 -0.292923
 0.595000 0.035935 -0.421357
 0.597500 0.034729 -0.535809
 0.600000 0.033273 -0.616328
 0.602500 0.031667 -0.658385
 0.605000 0.030003 -0.661459
 0.607500 0.028373 -0.635080
 0.610000 0.026838 -0.587471
 0.612500 0.025441 -0.525742
 0.615000 0.024207 -0.459989
 0.617500 0.023135 -0.397893
 0.620000 0.022203 -0.346176
 0.622500 0.021381 -0.314013
 0.625000 0.020614 -0.298713
 0.627500 0.019865 -0.299651
 0.630000 0.019098 -0.309480
 0.632500 0.018306 -0.322106
 0.635000 0.017485 -0.331899
 0.637500 0.016645 -0.337891
 0.640000 0.015792 -0.341149
 0.642500 0.014932 -0.345738
 0.645000 0.014058 -0.353297
 0.647500 0.013160 -0.363142
 0.650000 0.012237 -0.372860
 0.652500 0.011299 -0.374582
 0.655000 0.010375 -0.359445
 0.657500 0.009516 -0.322068
 0.660000 0.008780 -0.262633
 0.662500 0.008215 -0.184974
 0.665000 0.007853 -0.102243
 0.667500 0.007690 -0.028550
 0.670000 0.007688 0.023356
 0.672500 0.007782 0.046168
 0.675000 0.007893 0.038894
 0.677500 0.007951 0.005563
 0.680000 0.007902 -0.045331
 0.682500 0.007717 -0.102374
 0.685000 0.007393 -0.154001
 0.687500 0.006958 -0.190516
 0.690000 0.006456 -0.206308
 0.692500 0.005944 -0.199271
 0.695000 0.005475 -0.171979
 0.697500 0.005096 -0.128281
 0.700000 0.004841 -0.074619
 0.702500 0.004726 -0.017679
 0.705000 0.004750 0.035468
 0.707500 0.004895 0.078350
 0.710000 0.005127 0.106183
 0.712500 0.005406 0.114534
 0.715000 0.005682 0.102512
 0.717500 0.005902 0.071454
 0.720000 0.006023 0.023691
 0.722500 0.006008 -0.036699
 0.725000 0.005832 -0.103837
 0.727500 0.005489 -0.169910
 0.730000 0.004990 -0.225784
 0.732500 0.004374 -0.263734
 0.735000 0.003692 -0.277178
 0.737500 0.003009 -0.264664
 0.740000 0.002389 -0.227776
 0.742500 0.001883 -0.174760
 0.745000 0.001521 -0.113950
 0.747500 0.001312 -0.054382
 0.750000 0.001242 -0.002656
 0.752500 0.001287 0.037537
 0.755000 0.001418 0.066073
 0.757500 0.001608 0.084876
 0.760000 0.001835 0.096050
 0.762500 0.002083 0.101427
 0.765000 0.002337 0.100629
 0.767500 0.002578 0.091675
 0.770000 0.002785 0.073132
 0.772500 0.002934 0.044472
 0.775000 0.003002 0.009239
 0.777500 0.002979 -0.027741
 0.780000 0.002867 -0.060512
 0.782500 0.002684 -0.084354
 0.785000 0.002455 -0.097137
 0.787500 0.002207 -0.099529
 0.790000 0.001963 -0.094014
 0.792500 0.001741 -0.083425
 0.795000 0.001549 -0.069902
 0.797500 0.001392 -0.054592
 0.800000 0.001275 -0.038996
 0.802500 0.001197 -0.024429
 0.805000 0.001150 -0.013249
 0.807500 0.001125 -0.007877
 0.810000 0.001105 -0.009556
 0.812500 0.001071 -0.018226
 0.815000 0.001010 -0.031067
 0.817500 0.000915 -0.044086
 0.820000 0.000790 -0.054382
 0.822500 0.000647 -0.058952
 0.825000 0.000501 -0.057287
 0.827500 0.000365 -0.050532
 0.830000 0.000251 -0.040800
 0.832500 0.000161 -0.030151
 0.835000 0.000098 -0.020774
 0.837500 0.000056 -0.013259
 0.840000 0.000030 -0.007861
 0.842500 0.000015 -0.004338
 0.845000 0.000007 -0.002232
 0.847500 0.000003 -0.001072
 0.850000 0.000001 -0.000481
 0.852500 0.000000 0.000000
 0.855000 0.000000 0.000000
 0.857500 0.000000 0.000000
 0.860000 0.000000 0.000000
 0.862500 0.000000 0.000000
 0.865000 0.000000 0.000000
 0.867500 0.000000 0.000000
 0.870000 0.000000 0.000000
 0.872500 0.000000 0.000000
 0.875000 0.000000 0.000000
 0.877500 0.000000 0.000000
 0.880000 0.000000 0.000000
 0.882500 0.000000 0.000000
 0.885000 0.000000 0.000000
 0.887500 0.000000 0.000000
 0.890000 0.000000 0.000000
 0.892500 0.000000 0.000000
 0.895000 0.000000 0.000000
 0.897500 0.000000 0.000000
 0.900000 0.000000 0.000000
 0.902500 0.000000 0.000000
 0.905000 0.000000 0.000000
 0.907500 0.000000 0.000000
 0.910000 0.000000 0.000000
 0.912500 0.000000 0.000000
 0.915000 0.000000 0.000000
 0.917500 0.000000 0.000000
 0.920000 0.000000 0.000000
 0.922500 0.000000 0.000000
 0.925000 0.000000 0.000000
 0.927500 0.000000 0.000000
 0.930000 0.000000 0.000000
 0.932500 0.000000 0.000000
 0.935000 0.000000 0.000000
 0.937500 0.000000 0.000000
 0.940000 0.000000 0.000000
 0.942500 0.000000 0.000000
 0.945000 0.000000 0.000000
 0.947500 0.000000 0.000000
 0.950000 0.000000 0.000000
 0.952500 0.000000 0.000000
 0.955000 0.000000 0.000000
 0.957500 0.000000 0.000000
 0.960000 0.000000 0.000000
 0.962500 0.000000 0.000000
 0.965000 0.000000 0.000000
 0.967500 0.000000 0.000000
 0.970000 0.000000 0.000000
 0.972500 0.000000 0.000000
 0.975000 0.000000 0.000000
 0.977500 0.000000 0.000000
 0.980000 0.000000 0.000000
 0.982500 0.000000 0.000000
 0.985000 0.000000 0.000000
 0.987500 0.000000 0.000000
 0.990000 0.000000 0.000000
 0.992500 0.000000 0.000000
 0.995000 0.000000 0.000000
 0.997500 0.000000 0.000000
 1.000000 0.000000 0.000000
 1.002500 0.000000 0.000000
 1.005000 0.000000 0.000000
 1.007500 0.000000 0.000000
 1.010000 0.000000 0.000000
 1.012500 0.000000 0.000000
 1.015000 0.000000 0.000000
 1.017500 0.000000 0.000000
 1.020000 0.000000 0.000000
 1.022500 0.000000 0.000000
 1.025000 0.000000 0.000000
 1.027500 0.000000 0.000000
 1.030000 0.000000 0.000000
 1.032500 0.000000 0.000000
 1.035000 0.000000 0.000000
 1.037500 0.000000 0.000000
 1.040000 0.000000 0.000000
 1.042500 0.000000 0.000000
 1.045000 0.000000 0.000000
 1.047500 0.000000 0.000000
 1.050000 0.000000 0.000000
 1.052500 0.000000 0.000000
 1.055000 0.000000 0.000000
 1.057500 0.000000 0.000000
 1.060000 0.000000 0.000000
 1.062500 0.000000 0.000000
 1.065000 0.000000 0.000000
 1.067500 0.000000 0.000000
 1.070000 0.000000 0.000000
 1.072500 0.000000 0.000000
 1.075000 0.000000 0.000000
 1.077500 0.000000 0.000000
 1.080000 0.000000 0.000000
 1.082500 0.000000 0.000000
 1.085000 0.000000 0.000000
 1.087500 0.000000 0.000000
 1.090000 0.000000 0.000000
 1.092500 0.000000 0.000000
 1.095000 0.000000 0.000000
 1.097500 0.000000 0.000000
 1.100000 0.000000 0.000000
 1.102500 0.000000 0.000000
 1.105000 0.000000 0.000000
 1.107500 0.000000 0.000000
 1.110000 0.000000 0.000000
 1.112500 0.000000 0.000000
 1.115000 0.000000 0.000000
 1.117500 0.000000 0.000000
 1.120000 0.000000 0.000000
 1.122500 0.000000 0.000000
 1.125000 0.000000 0.000000
 1.127500 0.000000 0.000000
 1.130000 0.000000 0.000000
 1.132500 0.000000 0.000000
 1.135000 0.000000 0.000000
 1.137500 0.000000 0.000000
 1.140000 0.000000 0.000000
 1.142500 0.000000 0.000000
 1.145000 0.000000 0.000000
 1.147500 0.000000 0.000000
 1.150000 0.000000 0.000000
 1.152500 0.000000 0.000000
 1.155000 0.000000 0.000000
 1.157500 0.000000 0.000000
 1.160000 0.000000 0.000000
 1.162500 0.000000 0.000000
 1.165000 0.000000 0.000000
 1.167500 0.000000 0.000000
 1.170000 0.000000 0.000000
 1.172500 0.000000 0.000000
 1.175000 0.000000 0.000000
 1.177500 0.000000 0.000000
 1.180000 0.000000 0.000000
 1.182500 0.000000 0.000000
 1.185000 0.000000 0.000000
 1.187500 0.000000 0.000000
 1.190000 0.000000 0.000000
 1.192500 0.000000 0.000000
 1.195000 0.000000 0.000000
 1.197500 0.000000 0.000000
 1.200000 0.000000 0.000000
 1.202500 0.000000 0.000000
 1.205000 0.000000 0.000000
 1.207500 0.000000 0.000000
 1.210000 0.000000 0.000000
 1.212500 0.000000 0.000000
 1.215000 0.000000 0.000000
 1.217500 0.000000 0.000000
 1.220000 0.000000 0.000000
 1.222500 0.000000 0.000000
 1.225000 0.000000 0.000000
 1.227500 0.000000 0.000000
 1.230000 0.000000 0.000000
 1.232500 0.000000 0.000000
 1.235000 0.000000 0.000000
 1.237500 0.000000 0.000000
 1.240000 0.000000 0.000000
 1.242500 0.000000 0.000000
 1.245000 0.000000 0.000000
 1.247500 0.000000 0.000000
 1.250000 0.000000 0.000000
 1.252500 0.000000 0.000000
 1.255000 0.000000 0.000000
 1.257500 0.000000 0.000000
 1.260000 0.000000 0.000000
 1.262500 0.000000 0.000000
 1.265000 0.000000 0.000000
 1.267500 0.000000 0.000000
 1.270000 0.000000 0.000000
 1.272500 0.000000 0.000000
 1.275000 0.000000 0.000000
 1.277500 0.000000 0.000000
 1.280000 0.000000 0.000000
 1.282500 0.000000 0.000000
 1.285000 0.000000 0.000000
 1.287500 0.000000 0.000000
 1.290000 0.000000 0.000000
 1.292500 0.000000 0.000000
 1.295000 0.000000 0.000000
 1.297500 0.000000 0.000000
 1.300000 0.000000 0.000000
 1.302500 0.000000 0.000000
 1.305000 0.000000 0.000000
 1.307500 0.000000 0.000000
 1.310000 0.000000 0.000000
 1.312500 0.000000 0.000000
 1.315000 0.000000 0.000000
 1.317500 0.000000 0.000000
 1.320000 0.000000 0.000000
 1.322500 0.000000 0.000000
 1.325000 0.000000 0.000000
 1.327500 0.000000 0.000000
 1.330000 0.000000 0.000000
 1.332500 0.000000 0.000000
 1.335000 0.000000 0.000000
 1.337500 0.000000 0.000000
 1.340000 0.000000 0.000000
 1.342500 0.000000 0.000000
 1.345000 0.000000 0.000000
 1.347500 0.000000 0.000000
 1.350000 0.000000 0.000000
 1.352500 0.000000 0.000000
 1.355000 0.000000 0.000000
 1.357500 0.000000 0.000000
 1.360000 0.000000 0.000000
 1.362500 0.000000 0.000000
 1.365000 0.000000 0.000000
 1.367500 0.000000 0.000000
 1.370000 0.000000 0.000000
 1.372500 0.000000 0.000000
 1.375000 0.000000 0.000000
 1.377500 0.000000 0.000000
 1.380000 0.000000 0.000000
 1.382500 0.000000 0.000000
 1.385000 0.000000 0.000000
 1.387500 0.000000 0.000000
 1.390000 0.000000 0.000000
 1.392500 0.000000 0.000000
 1.395000 0.000000 0.000000
 1.397500 0.000000 0.000000
 1.400000 0.000000 0.000000
 1.402500 0.000000 0.000000
 1.405000 0.000000 0.000000
 1.407500 0.000000 0.000000
 1.410000 0.000000 0.000000
 1.412500 0.000000 0.000000
 1.415000 0.000000 0.000000
 1.417500 0.000000 0.000000
 1.420000 0.000000 0.000000
 1.422500 0.000000 0.000000
 1.425000 0.000000 0.000000
 1.427500 0.000000 0.000000
 1.430000 0.000000 0.000000
 1.432500 0.000000 0.000000
 1.435000 0.000000 0.000000
 1.437500 0.000000 0.000000
 1.440000 0.000000 0.000000
 1.442500 0.000000 0.000000
 1.445000 0.000000 0.000000
 1.447500 0.000000 0.000000
 1.450000 0.000000 0.000000
 1.452500 0.000000 0.000000
 1.455000 0.000000 0.000000
 1.457500 0.000000 0.000000
 1.460000 0.000000 0.000000
 1.462500 0.000000 0.000000
 1.465000 0.000000 0.000000
 1.467500 0.000000 0.000000
 1.470000 0.000000 0.000000
 1.472500 0.000000 0.000000
 1.475000 0.000000 0.000000
 1.477500 0.000000 0.000000
 1.480000 0.000000 0.000000
 1.482500 0.000000 0.000000
 1.485000 0.000000 0.000000
 1.487500 0.000000 0.000000
 1.490000 0.000000 0.000000
 1.492500 0.000000 0.000000
 1.495000 0.000000 0.000000
 1.497500 0.000000 0.000000
 1.500000 0.000000 0.000000
 1.502500 0.000000 0.000000
 1.505000 0.000000 0.000000
 1.507500 0.000000 0.000000
 1.510000 0.000000 0.000000
 1.512500 0.000000 0.000000
 1.515000 0.000000 0.000000
 1.517500 0.000000 0.000000
 1.520000 0.000000 0.000000
 1.522500 0.000000 0.000000
 1.525000 0.000000 0.000000
 1.527500 0.000000 0.000000
 1.530000 0.000000 0.000000
 1.532500 0.000000 0.000000
 1.535000 0.000000 0.000000
 1.537500 0.000000 0.000000
 1.540000 0.000000 0.000000
 1.542500 0.000000 0.000000
 1.545000 0.000000 0.000000
 1.547500 0.000000 0.000000
 1.550000 0.000000 0.000000
 1.552500 0.000000 0.000000
 1.555000 0.000000 0.000000
 1.557500 0.000000 0.000000
 1.560000 0.000000 0.000000
 1.562500 0.000000 0.000000
 1.565000 0.000000 0.000000
 1.567500 0.000000 0.000000
 1.570000 0.000000 0.000000
 1.572500 0.000000 0.000000
 1.575000 0.000000 0.000000
 1.577500 0.000000 0.000000
 1.580000 0.000000 0.000000
 1.582500 0.000000 0.000000
 1.585000 0.000000 0.000000
 1.587500 0.000000 0.000000
 1.590000 0.000000 0.000000
 1.592500 0.000000 0.000000
 1.595000 0.000000 0.000000
 1.597500 0.000000 0.000000
 1.600000 0.000000 0.000000
 1.602500 0.000000 0.000000
 1.605000 0.000000 0.000000
 1.607500 0.000000 0.000000
 1.610000 0.000000 0.000000
 1.612500 0.000000 0.000000
 1.615000 0.000000 0.000000
 1.617500 0.000000 0.000000
 1.620000 0.000000 0.000000
 1.622500 0.000000 0.000000
 1.625000 0.000000 0.000000
 1.627500 0.000000 0.000000
 1.630000 0.000000 0.000000
 1.632500 0.000000 0.000000
 1.635000 0.000000 0.000000
 1.637500 0.000000 0.000000
 1.640000 0.000000 0.000000
 1.642500 0.000000 0.000000
 1.645000 0.000000 0.000000
 1.647500 0.000000 0.000000
 1.650000 0.000000 0.000000
 1.652500 0.000000 0.000000
 1.655000 0.000000 0.000000
 1.657500 0.000000 0.000000
 1.660000 0.000000 0.000000
 1.662500 0.000000 0.000000
 1.665000 0.000000 0.000000
 1.667500 0.000000 0.000000
 1.670000 0.000000 0.000000
 1.672500 0.000000 0.000000
 1.675000 0.000000 0.000000
 1.677500 0.000000 0.000000
 1.680000 0.000000 0.000000
 1.682500 0.000000 0.000000
 1.685000 0.000000 0.000000
 1.687500 0.000000 0.000000
 1.690000 0.000000 0.000000
 1.692500 0.000000 0.000000
 1.695000 0.000000 0.000000
 1.697500 0.000000 0.000000
 1.700000 0.000000 0.000000
 1.702500 0.000000 0.000000
 1.705000 0.000000 0.000000
 1.707500 0.000000 0.000000
 1.710000 0.000000 0.000000
 1.712500 0.000000 0.000000
 1.715000 0.000000 0.000000
 1.717500 0.000000 0.000000
 1.720000 0.000000 0.000000
 1.722500 0.000000 0.000000
 1.725000 0.000000 0.000000
 1.727500 0.000000 0.000000
 1.730000 0.000000 0.000000
 1.732500 0.000000 0.000000
 1.735000 0.000000 0.000000
 1.737500 0.000000 0.000000
 1.740000 0.000000 0.000000
 1.742500 0.000000 0.000000
 1.745000 0.000000 0.000000
 1.747500 0.000000 0.000000
 1.750000 0.000000 0.000000
 1.752500 0.000000 0.000000
 1.755000 0.000000 0.000000
 1.757500 0.000000 0.000000
 1.760000 0.000000 0.000000
 1.762500 0.000000 0.000000
 1.765000 0.000000 0.000000
 1.767500 0.000000 0.000000
 1.770000 0.000000 0.000000
 1.772500 0.000000 0.000000
 1.775000 0.000000 0.000000
 1.777500 0.000000 0.000000
 1.780000 0.000000 0.000000
 1.782500 0.000000 0.000000
 1.785000 0.000000 0.000000
 1.787500 0.000000 0.000000
 1.790000 0.000000 0.000000
 1.792500 0.000000 0.000000
 1.795000 0.000000 0.000000
 1.797500 0.000000 0.000000
 1.800000 0.000000 0.000000
 1.802500 0.000000 0.000000
 1.805000 0.000000 0.000000
 1.807500 0.000000 0.000000
 1.810000 0.000000 0.000000
 1.812500 0.000000 0.000000
 1.815000 0.000000 0.000000
 1.817500 0.000000 0.000000
 1.820000 0.000000 0.000000
 1.822500 0.000000 0.000000
 1.825000 0.000000 0.000000
 1.827500 0.000000 0.000000
 1.830000 0.000000 0.000000
 1.832500 0.000000 0.000000
 1.835000 0.000000 0.000000
 1.837500 0.000000 0.000000
 1.840000 0.000000 0.000000
 1.842500 0.000000 0.000000
 1.845000 0.000000 0.000000
 1.847500 0.000000 0.000000
 1.850000 0.000000 0.000000
 1.852500 0.000000 0.000000
 1.855000 0.000000 0.000000
 1.857500 0.000000 0.000000
 1.860000 0.000000 0.000000
 1.862500 0.000000 0.000000
 1.865000 0.000000 0.000000
 1.867500 0.000000 0.000000
 1.870000 0.000000 0.000000
 1.872500 0.000000 0.000000
 1.875000 0.000000 0.000000
 1.877500 0.000000 0.000000
 1.880000 0.000000 0.000000
 1.882500 0.000000 0.000000
 1.885000 0.000000 0.000000
 1.887500 0.000000 0.000000
 1.890000 0.000000 0.000000
 1.892500 0.000000 0.000000
 1.895000 0.000000 0.000000
 1.897500 0.000000 0.000000
 1.900000 0.000000 0.000000
 1.902500 0.000000 0.000000
 1.905000 0.000000 0.000000
 1.907500 0.000000 0.000000
 1.910000 0.000000 0.000000
 1.912500 0.000000 0.000000
 1.915000 0.000000 0.000000
 1.917500 0.000000 0.000000
 1.920000 0.000000 0.000000
 1.922500 0.000000 0.000000
 1.925000 0.000000 0.000000
 1.927500 0.000000 0.000000
 1.930000 0.000000 0.000000
 1.932500 0.000000 0.000000
 1.935000 0.000000 0.000000
 1.937500 0.000000 0.000000
 1.940000 0.000000 0.000000
 1.942500 0.000000 0.000000
 1.945000 0.000000 0.000000
 1.947500 0.000000 0.000000
 1.950000 0.000000 0.000000
 1.952500 0.000000 0.000000
 1.955000 0.000000 0.000000
 1.957500 0.000000 0.000000
 1.960000 0.000000 0.000000
 1.962500 0.000000 0.000000
 1.965000 0.000000 0.000000
 1.967500 0.000000 0.000000
 1.970000 0.000000 0.000000
 1.972500 0.000000 0.000000
 1.975000 0.000000 0.000000
 1.977500 0.000000 0.000000
 1.980000 0.000000 0.000000
 1.982500 0.000000 0.000000
 1.985000 0.000000 0.000000
 1.987500 0.000000 0.000000
 1.990000 0.000000 0.000000
 1.992500 0.000000 0.000000
 1.995000 0.000000 0.000000
 1.997500 0.000000 0.000000
 2.000000 0.000000 0.000000
